0.5712217688560486
0.751227855682373
3.330533981323242
0.9348952770233154
1.2597696781158447
1.120389461517334
2.644148349761963
3.038706064224243
1.319551706314087
1.1675124168395996
1.294851541519165
1.4079110622406006
1.6645100116729736
1.335550308227539
2.446319818496704
3.2427120208740234
3.1065189838409424
3.307825803756714
1.706078290939331
1.518329381942749
1.4615395069122314
1.4432907104492188
1.121490240097046
1.0521790981292725
0.9104216694831848
1.0371942520141602
1.2034339904785156
1.4874744415283203
0.7197900414466858
1.2731883525848389
0.7042195200920105
0.7573723196983337
0.9932846426963806
1.2846910953521729
1.4394373893737793
3.2994611263275146
3.142176628112793
2.680243968963623
2.4250733852386475
3.0485591888427734
2.764808416366577
2.7761361598968506
2.4876515865325928
1.4956717491149902
2.4483604431152344
2.88999080657959
2.386993169784546
1.0832724571228027
1.7108333110809326
1.4456608295440674
1.4299209117889404
1.527770757675171
1.2329363822937012
0.9781998991966248
1.1657633781433105
1.052185297012329
0.94097501039505
1.1324379444122314
1.0131902694702148
0.9625497460365295
0.6814307570457458
0.7554227709770203
0.7715292572975159
1.730823278427124
3.393745183944702
3.0448741912841797
1.9276487827301025
3.533111810684204
2.2870471477508545
2.077939510345459
2.1608736515045166
1.3655295372009277
2.6970937252044678
1.713890790939331
3.354590654373169
3.226686954498291
3.18603253364563
3.287574052810669
2.670513868331909
1.1698660850524902
1.023169755935669
1.3642816543579102
0.9563471078872681
0.8679059147834778
1.066673755645752
1.0225329399108887
1.1048455238342285
0.9312939047813416
1.4216325283050537
1.5471086502075195
0.7214713096618652
0.7267104983329773
0.8138507604598999
0.7967139482498169
1.4580121040344238
1.5901975631713867
0.7491341829299927
1.1724779605865479
1.0163202285766602
1.3597149848937988
3.5141451358795166
2.156111478805542
0.6885337233543396
1.1569786071777344
1.2805571556091309
1.0753540992736816
1.0319597721099854
1.853309154510498
1.8039524555206299
2.467268943786621
2.3078951835632324
2.3370518684387207
2.4605178833007812
1.434410572052002
1.090477705001831
1.4235880374908447
3.36864972114563
2.8549468517303467
0.6938595771789551
0.7588297724723816
0.6183454990386963
0.6670629382133484
4.344270706176758
3.8963701725006104
2.78711199760437
2.140636920928955
2.274998903274536
3.1025006771087646
3.910426139831543
3.059819459915161
1.853029727935791
1.697263479232788
1.8586790561676025
2.1083576679229736
1.7106835842132568
2.822108507156372
2.236773729324341
2.3311009407043457
2.0772154331207275
2.335383653640747
2.3404006958007812
2.735699415206909
2.8486433029174805
2.9363698959350586
2.271378755569458
3.1418697834014893
2.0232036113739014
1.7244188785552979
1.5639610290527344
1.3835957050323486
0.585533618927002
0.6630563139915466
3.3874270915985107
2.7097606658935547
1.706773281097412
2.2420833110809326
1.8081488609313965
1.9425134658813477
1.9326279163360596
1.0502104759216309
1.8405702114105225
1.7186839580535889
1.6420044898986816
1.7963581085205078
2.3528385162353516
2.208402633666992
1.7051968574523926
1.071711778640747
2.4768269062042236
2.008648157119751
2.546640157699585
2.059927463531494
1.719111680984497
1.2701644897460938
0.9893460869789124
1.7966134548187256
1.1784944534301758
1.3945438861846924
1.412440299987793
1.3876442909240723
0.6368774175643921
0.6760942339897156
0.7908758521080017
0.6505821943283081
0.982761561870575
0.8321634531021118
0.9028143882751465
0.8084911108016968
0.6869819760322571
0.7328923940658569
0.7101874947547913
0.7518596053123474
0.7663559913635254
0.7654843926429749
0.8578804731369019
0.7427242398262024
0.9496361613273621
0.6922501921653748
0.6891746520996094
0.6633291244506836
0.7147721648216248
2.467914581298828
2.826037645339966
3.2877776622772217
2.052279233932495
2.6685688495635986
3.422802686691284
1.1653618812561035
2.8406951427459717
2.0385820865631104
2.226416826248169
2.0303709506988525
1.9102654457092285
2.2711260318756104
2.2913098335266113
2.09403395652771
2.6967992782592773
2.3990564346313477
1.4704737663269043
1.2044289112091064
1.353172779083252
1.851907730102539
1.6990478038787842
1.6780900955200195
1.695115566253662
1.5410289764404297
2.6229734420776367
2.4566099643707275
2.031318426132202
2.933617115020752
2.4130780696868896
2.7837631702423096
2.22540020942688
2.3102731704711914
2.3506650924682617
1.8798937797546387
2.419830322265625
2.0167367458343506
2.0214555263519287
1.6585102081298828
2.1279282569885254
2.1604437828063965
2.1551425457000732
1.8475208282470703
2.660097599029541
2.4210379123687744
2.3409342765808105
1.5844736099243164
1.930607795715332
1.5291121006011963
1.5260660648345947
0.8845716118812561
1.869621753692627
1.8702149391174316
2.161404609680176
1.954826831817627
2.2609925270080566
2.12433123588562
2.7282350063323975
0.7171375155448914
1.424872636795044
3.73380708694458
3.0535621643066406
3.172247886657715
3.2812836170196533
3.1476407051086426
1.6406800746917725
1.8464748859405518
2.1963703632354736
1.058225393295288
2.2921173572540283
2.4708049297332764
2.8604235649108887
3.2269833087921143
2.9953277111053467
2.7417571544647217
2.1819517612457275
1.4141261577606201
3.287216901779175
2.7079384326934814
2.25826096534729
3.382009267807007
3.7402822971343994
3.329608917236328
3.035198211669922
3.341052770614624
3.3858354091644287
2.706505537033081
3.008972406387329
0.6301552653312683
0.6923627257347107
4.0032219886779785
4.280882358551025
3.9176907539367676
3.6957197189331055
3.461580991744995
3.375190019607544
3.38590669631958
3.433434247970581
2.4298784732818604
3.5235679149627686
3.081007719039917
2.656118631362915
2.504345655441284
2.3514750003814697
2.587071657180786
2.858880043029785
1.7179219722747803
3.2330515384674072
3.6803600788116455
2.884098529815674
2.8986456394195557
3.4470808506011963
2.446742296218872
2.66491961479187
2.2164762020111084
2.4057888984680176
1.1327102184295654
0.9952963590621948
0.6275834441184998
0.653988242149353
2.1910769939422607
2.418092727661133
3.344280242919922
2.704385995864868
2.2653043270111084
2.225911855697632
2.1861114501953125
2.5856335163116455
3.3857948780059814
3.0596635341644287
2.983203649520874
3.204094886779785
2.846891403198242
3.0086846351623535
3.5064682960510254
2.849731922149658
2.7442312240600586
2.5571179389953613
2.1587021350860596
2.2517952919006348
1.9516792297363281
2.143287420272827
2.8949451446533203
2.6025092601776123
2.1621384620666504
3.020033359527588
3.3343594074249268
1.300414800643921
0.6239798665046692
0.6902039051055908
0.7270077466964722
0.7390194535255432
1.7628889083862305
4.034454345703125
2.6606268882751465
2.0727906227111816
2.382500171661377
1.132434606552124
3.2268288135528564
3.1824920177459717
3.083209276199341
3.284123182296753
1.6285309791564941
1.9705731868743896
1.2428336143493652
2.291276454925537
1.867915391921997
2.0377280712127686
2.7624382972717285
1.927704095840454
2.5791518688201904
2.2823474407196045
1.1297862529754639
3.138519048690796
2.754368305206299
2.2025985717773438
2.6215386390686035
2.9500887393951416
0.8155596852302551
1.035388708114624
0.9651221632957458
1.0823209285736084
1.2615315914154053
1.2189302444458008
0.9713615775108337
1.3452308177947998
2.811718225479126
2.139465093612671
3.1398589611053467
1.4177677631378174
0.8151158690452576
1.0399978160858154
1.2667181491851807
1.3664674758911133
1.3466269969940186
2.1086409091949463
0.9472861289978027
1.7405014038085938
1.6393165588378906
1.559302568435669
2.350600242614746
2.2358453273773193
2.916795492172241
2.176035165786743
2.4252769947052
2.4299514293670654
2.1573164463043213
2.6101455688476562
0.8093736171722412
1.5028395652770996
1.2202041149139404
2.2066614627838135
1.085319995880127
2.147444009780884
1.2926452159881592
1.697145938873291
1.0928921699523926
1.7080497741699219
1.6001837253570557
1.7874462604522705
1.7924463748931885
0.872279703617096
1.117161750793457
1.384094476699829
1.2985870838165283
1.3570606708526611
1.3463385105133057
1.6197912693023682
0.9395415186882019
2.222130298614502
2.130425214767456
1.377920150756836
1.5657296180725098
1.392153024673462
1.0856521129608154
2.0772812366485596
1.5690550804138184
1.3754770755767822
0.5980890393257141
0.6233751773834229
0.7107454538345337
0.6718544960021973
1.2795934677124023
1.199173927307129
1.6934237480163574
1.3691411018371582
0.6504590511322021
1.1333608627319336
1.5037412643432617
1.0834734439849854
1.5555648803710938
2.4047415256500244
2.259136438369751
2.1042637825012207
1.8262832164764404
3.4909780025482178
2.5527992248535156
2.0259783267974854
1.7045893669128418
1.6891303062438965
1.5874509811401367
1.3326492309570312
1.2593412399291992
0.9621414542198181
1.4194488525390625
1.78310227394104
1.6805145740509033
1.1640748977661133
0.7141686081886292
0.8235942721366882
0.9504199624061584
4.150327205657959
2.792914867401123
2.363032102584839
2.8091611862182617
2.9009978771209717
2.1803231239318848
2.8172008991241455
3.246391534805298
3.1393930912017822
2.5240495204925537
1.9811756610870361
2.1462860107421875
2.749727964401245
1.1711108684539795
2.3671939373016357
2.1652798652648926
2.409864902496338
1.8167800903320312
2.3496081829071045
1.9435653686523438
3.0476486682891846
2.264700412750244
2.1862385272979736
1.522815227508545
2.5989086627960205
1.6145174503326416
1.217142105102539
0.6948302984237671
1.6079151630401611
2.7285120487213135
2.0142478942871094
2.0690605640411377
2.951181411743164
3.655712127685547
3.555103063583374
1.5337777137756348
2.366499662399292
2.1319360733032227
2.3693697452545166
2.4736406803131104
2.3845674991607666
2.3301734924316406
2.222057819366455
2.641627073287964
2.3474583625793457
2.441568374633789
2.5721614360809326
2.6668641567230225
2.647125005722046
2.7863271236419678
3.380000352859497
3.275308847427368
2.874312162399292
0.995082676410675
1.2439544200897217
0.8848229050636292
1.1811249256134033
0.7376525402069092
0.7951232194900513
0.7683850526809692
3.7814791202545166
3.4033899307250977
2.48917818069458
2.5957415103912354
2.447978973388672
3.8582966327667236
3.4851057529449463
2.8608481884002686
2.861377477645874
0.9334120154380798
1.0986824035644531
1.05515456199646
1.7192199230194092
1.7627503871917725
1.8340928554534912
2.9988045692443848
2.9507358074188232
2.4648523330688477
2.243344306945801
2.2181286811828613
2.8147099018096924
3.121032476425171
2.6766741275787354
3.516666889190674
3.4828040599823
2.9636027812957764
3.1732022762298584
0.6269612312316895
1.5716722011566162
4.067155361175537
3.7932989597320557
3.6363213062286377
1.2183892726898193
2.879127025604248
3.101689100265503
2.3231770992279053
2.956066370010376
2.7041666507720947
2.6320106983184814
2.7888574600219727
1.682816743850708
1.591226577758789
1.6361148357391357
1.5692002773284912
1.0916783809661865
1.7178149223327637
4.149005889892578
4.4024176597595215
3.1811535358428955
2.647275447845459
1.8499009609222412
2.259931802749634
2.170337200164795
2.4264800548553467
1.772118091583252
1.406257152557373
1.6064207553863525
0.6869463920593262
0.7485072016716003
0.7524771690368652
0.7604529857635498
0.8272880911827087
1.414311408996582
1.570343255996704
1.6489920616149902
1.8905014991760254
2.3847978115081787
2.443070650100708
2.4435489177703857
2.3108580112457275
3.16845703125
3.450589656829834
3.588810920715332
3.6167094707489014
2.8429784774780273
2.104846954345703
2.381990909576416
2.323060989379883
2.3291115760803223
2.1070802211761475
2.4096288681030273
2.0629870891571045
1.9783616065979004
1.657813310623169
1.64078688621521
1.9216022491455078
3.4513838291168213
0.6192320585250854
0.6936872005462646
1.0728390216827393
0.9240994453430176
1.7361714839935303
1.1468479633331299
2.3793342113494873
3.113987922668457
1.3729746341705322
1.2314629554748535
1.9508812427520752
0.8853670954704285
2.1709299087524414
0.6987977623939514
0.7842532396316528
0.7994247674942017
1.9907047748565674
3.1162290573120117
2.39847731590271
2.387075662612915
2.6290738582611084
2.141638994216919
2.0495059490203857
1.9822719097137451
1.9531729221343994
2.361947536468506
2.5400807857513428
2.501856803894043
1.6730749607086182
1.3713672161102295
0.8555113077163696
1.5270936489105225
0.9785824418067932
1.5700788497924805
1.624387264251709
0.9317461848258972
0.6466788053512573
1.3380892276763916
2.5649218559265137
3.585191249847412
4.068844795227051
0.777398407459259
2.8715367317199707
1.644984245300293
2.5588018894195557
1.2474768161773682
2.8621246814727783
0.7265821099281311
0.7565304636955261
2.1141514778137207
2.715266227722168
2.2202744483947754
3.275071859359741
3.290313959121704
2.756657123565674
2.1254026889801025
1.4794538021087646
1.0802230834960938
1.0158627033233643
1.345308542251587
1.2277429103851318
0.9226728081703186
1.6289405822753906
1.352893590927124
1.860079050064087
1.190051794052124
1.691843032836914
1.0754685401916504
1.8088295459747314
1.1225428581237793
2.7500269412994385
2.7611703872680664
2.446516275405884
2.2671356201171875
1.3103880882263184
1.2824456691741943
1.9241981506347656
0.7186635136604309
0.7212290167808533
1.6986815929412842
2.6727395057678223
2.061629295349121
1.83980393409729
1.7895584106445312
1.458237648010254
3.1486799716949463
4.001225471496582
3.5316178798675537
2.733222723007202
2.1214704513549805
1.1035573482513428
1.1063175201416016
1.2079534530639648
0.9037193655967712
0.9039168357849121
1.0346200466156006
1.0565993785858154
1.087310791015625
1.3544886112213135
1.6826200485229492
1.5623884201049805
1.3249666690826416
1.2751567363739014
1.4040708541870117
1.5823907852172852
1.4212565422058105
1.4897103309631348
2.498730182647705
0.8214324116706848
0.8606582283973694
3.871535062789917
3.6169960498809814
3.088792562484741
3.2473037242889404
2.2446906566619873
1.786048412322998
2.9895639419555664
3.1214041709899902
3.038855791091919
2.7023913860321045
1.8669722080230713
2.6837871074676514
1.4870083332061768
1.6006884574890137
0.964284360408783
1.097778558731079
1.2341423034667969
1.3752501010894775
1.341625690460205
0.7209600210189819
0.7052339315414429
0.7261375784873962
0.7048105597496033
0.722606360912323
1.2694878578186035
2.202310562133789
2.9164514541625977
1.1243464946746826
3.9529528617858887
1.6068744659423828
2.7316253185272217
1.1619648933410645
1.160290241241455
1.6812341213226318
2.6659624576568604
3.096642255783081
2.067107915878296
1.6951649188995361
2.8330636024475098
2.0783743858337402
2.3618083000183105
1.5805869102478027
1.6001861095428467
1.6424190998077393
1.3455779552459717
0.7818410396575928
0.850252091884613
0.8731617331504822
0.6866441369056702
0.7200546264648438
0.6198853850364685
0.7627133131027222
1.6382455825805664
1.519782304763794
0.7696980237960815
3.4923617839813232
1.237931489944458
1.5706126689910889
1.4200198650360107
1.5761668682098389
2.6147172451019287
2.5419602394104004
1.8517518043518066
1.6444754600524902
0.9704100489616394
1.3824150562286377
1.4705584049224854
1.7254915237426758
0.9925161600112915
1.108903169631958
2.3749473094940186
1.5905885696411133
1.919219732284546
1.6673524379730225
1.827268123626709
2.1072819232940674
1.9954321384429932
1.8467967510223389
2.1408302783966064
0.6465808749198914
0.6382582187652588
0.6366196870803833
3.2273199558258057
3.690187931060791
2.642575979232788
3.1621363162994385
2.5001895427703857
1.8577048778533936
3.152601957321167
2.3258655071258545
2.066748857498169
2.4971163272857666
2.3503353595733643
1.7341063022613525
1.3009026050567627
1.2697246074676514
2.09720516204834
1.2382276058197021
1.150165319442749
1.2447810173034668
1.1414399147033691
1.351771354675293
1.4149971008300781
1.6999437808990479
1.587822437286377
1.2782235145568848
1.4565093517303467
1.1400408744812012
0.8134097456932068
0.6843505501747131
0.6786736845970154
3.953578233718872
3.949470281600952
3.6985933780670166
1.7159333229064941
1.8112962245941162
2.83771014213562
3.656005620956421
3.4973597526550293
3.2475063800811768
2.34135365486145
1.836683988571167
1.168231725692749
1.5185015201568604
1.3199183940887451
1.7952306270599365
1.8796749114990234
3.060159683227539
1.3619389533996582
2.576580762863159
1.2099130153656006
2.4876577854156494
1.3408515453338623
2.18896222114563
1.4990715980529785
1.524033546447754
1.536717414855957
1.8505477905273438
2.0883045196533203
0.6582399606704712
0.6914477348327637
0.6453270316123962
2.8455278873443604
3.9614675045013428
3.5737874507904053
2.995203971862793
3.0927464962005615
3.171881914138794
3.5686428546905518
2.8914663791656494
2.4926328659057617
2.0999133586883545
1.7460806369781494
1.662083625793457
2.2330148220062256
2.351463556289673
2.532355546951294
2.0772993564605713
1.6759111881256104
2.1498401165008545
2.5024120807647705
2.076507329940796
3.1721723079681396
3.6558480262756348
3.4386863708496094
3.0661978721618652
3.386815309524536
3.3643617630004883
3.1914069652557373
0.8041540384292603
2.3482344150543213
2.447397232055664
3.435565948486328
2.852747917175293
1.879070520401001
1.14949369430542
1.0828490257263184
1.9726948738098145
1.609785795211792
1.0680427551269531
0.9115448594093323
1.39035964012146
1.487313985824585
1.5565402507781982
1.49769926071167
2.1061899662017822
1.4671931266784668
1.0598268508911133
1.5416512489318848
1.9337739944458008
2.1346077919006348
2.2576935291290283
3.098264455795288
3.1178183555603027
2.9800493717193604
2.628347396850586
2.8170547485351562
2.9701755046844482
2.770732879638672
0.7286582589149475
0.8028406500816345
0.6533550024032593
3.886500597000122
4.29002046585083
3.476795196533203
3.8550398349761963
3.9444355964660645
4.021111488342285
3.4245080947875977
3.5938823223114014
3.050595998764038
2.860650062561035
2.645598888397217
3.2443578243255615
2.64955472946167
1.9000747203826904
2.036329984664917
2.867565870285034
2.532782554626465
2.020106077194214
2.434011936187744
2.9110000133514404
2.7931900024414062
3.2446248531341553
3.061659812927246
3.207271099090576
3.315877676010132
3.466965913772583
3.3345444202423096
0.7282037734985352
2.1861398220062256
1.8056716918945312
3.3924875259399414
2.320195198059082
2.5293939113616943
1.9448604583740234
2.153581380844116
2.2029261589050293
3.3638479709625244
3.6576149463653564
3.072645425796509
2.838257074356079
1.63688325881958
1.7302227020263672
3.3278086185455322
1.105757236480713
2.289926052093506
1.6958286762237549
2.285099744796753
2.049520969390869
2.3008248805999756
1.6116490364074707
2.7176597118377686
2.207874059677124
2.7516732215881348
2.6292126178741455
2.395343065261841
1.8429372310638428
2.387481451034546
0.6545223593711853
0.6534214019775391
2.7105472087860107
2.8515071868896484
3.0754764080047607
0.8684602379798889
2.3250138759613037
0.8688755631446838
1.7697241306304932
1.6560401916503906
2.361284017562866
1.872239112854004
2.2233402729034424
1.3722059726715088
1.721231460571289
1.773585319519043
2.001147508621216
1.6436479091644287
2.071323871612549
0.976658284664154
1.931640386581421
1.6810722351074219
2.0072035789489746
1.7851738929748535
2.0410447120666504
1.7942731380462646
1.853686809539795
1.5557081699371338
1.58732271194458
1.145352840423584
0.6235595941543579
0.8852786421775818
3.7516696453094482
1.635289192199707
2.5364174842834473
1.943497657775879
2.4453628063201904
4.002793788909912
3.494058132171631
2.139683485031128
1.7553918361663818
2.76633620262146
2.609454870223999
3.3700902462005615
2.63429856300354
2.335693120956421
2.1996867656707764
2.3394927978515625
2.1795647144317627
1.4437992572784424
2.138639211654663
2.0216197967529297
2.6457600593566895
2.563404083251953
2.480825662612915
1.9986746311187744
1.5213115215301514
1.585801362991333
1.4202768802642822
1.2758219242095947
0.7500553727149963
0.8890583515167236
1.2174484729766846
2.905888319015503
3.785667657852173
4.225956439971924
1.7463998794555664
2.681079864501953
2.0933730602264404
2.582853078842163
1.4945721626281738
2.375311851501465
2.1900277137756348
2.654555320739746
2.176302671432495
2.3755924701690674
2.1896443367004395
1.913529396057129
1.0110561847686768
1.7889025211334229
2.034552574157715
2.410977602005005
2.5801963806152344
3.1145856380462646
2.4871270656585693
2.2409355640411377
2.1708428859710693
0.9415535926818848
1.0376441478729248
0.6501964926719666
0.6927663683891296
0.7281847596168518
0.6906834244728088
0.7296051383018494
0.726698100566864
3.2688286304473877
2.9818036556243896
2.0982468128204346
2.3725366592407227
1.0283000469207764
1.545771837234497
1.8324496746063232
1.6393616199493408
2.012141704559326
1.4550952911376953
3.692347288131714
3.4276483058929443
3.012639045715332
2.463890552520752
1.5384531021118164
1.5095765590667725
1.0849590301513672
1.233832597732544
1.0448482036590576
0.9146537184715271
0.831916332244873
0.7385727167129517
0.8832646012306213
0.8387191891670227
0.6939226984977722
2.2995338439941406
0.6753168702125549
0.7649568319320679
0.7863563895225525
1.8711564540863037
1.6550538539886475
2.506293296813965
1.6673495769500732
2.7749147415161133
1.9786176681518555
2.3656222820281982
3.0785043239593506
2.8595492839813232
1.818204641342163
2.918102264404297
3.2402143478393555
2.9836390018463135
2.915497064590454
3.4744930267333984
2.9286139011383057
2.415958881378174
1.0950891971588135
2.6313235759735107
1.7779946327209473
2.263991117477417
2.1172425746917725
3.298868417739868
3.319471597671509
3.2032783031463623
2.4941904544830322
2.9112942218780518
2.5816614627838135
3.5827126502990723
3.1172707080841064
3.2626547813415527
2.6213526725769043
2.764530658721924
2.361260414123535
2.2579567432403564
2.5332839488983154
2.939321517944336
2.7342045307159424
2.4885880947113037
2.444192409515381
2.9755775928497314
3.1109931468963623
3.552825689315796
1.7247686386108398
2.660024881362915
3.3862552642822266
3.3551533222198486
2.6259729862213135
2.587519407272339
2.5903749465942383
2.523998498916626
2.3820409774780273
2.044874429702759
2.4064152240753174
3.2160751819610596
2.9073874950408936
0.7162976861000061
0.8615109324455261
3.489283323287964
3.464725971221924
3.767500638961792
3.7846250534057617
3.5284337997436523
3.422899007797241
2.857144832611084
2.509833574295044
2.226316213607788
2.547076940536499
3.537590503692627
3.0591213703155518
2.2074649333953857
2.8837907314300537
2.734607458114624
3.4397830963134766
3.5040791034698486
3.187417507171631
3.309910774230957
2.5418920516967773
2.882488250732422
2.628117322921753
3.3123772144317627
2.7353475093841553
2.695664405822754
2.6298136711120605
2.7822556495666504
2.689337968826294
0.6837258338928223
0.7121352553367615
0.6532722115516663
0.7736691832542419
1.3422071933746338
3.72676157951355
3.045250177383423
3.6174983978271484
3.5085976123809814
3.5203187465667725
1.3372797966003418
2.2176132202148438
2.317643880844116
3.122844934463501
3.6770405769348145
3.6590957641601562
2.5183417797088623
3.661170721054077
3.7159998416900635
2.8909947872161865
3.5575144290924072
2.3953053951263428
2.4688308238983154
2.5095908641815186
3.2252633571624756
3.651942729949951
3.441850423812866
3.718421697616577
3.2837111949920654
2.5599429607391357
1.2494888305664062
0.919033944606781
3.1814234256744385
1.8673608303070068
2.3957839012145996
2.1114633083343506
2.3427248001098633
2.0352468490600586
2.323385000228882
2.296806812286377
1.998203992843628
1.8642268180847168
1.9381155967712402
1.9607431888580322
1.689682960510254
1.9075424671173096
1.7142212390899658
1.600322961807251
1.7646443843841553
1.5730221271514893
1.2401080131530762
1.3282322883605957
1.3737797737121582
0.991385281085968
1.104943037033081
1.486316442489624
1.1382606029510498
1.018094539642334
1.127692461013794
0.6548263430595398
0.7162799835205078
0.6900925636291504
0.6973363757133484
0.8487449884414673
0.8846866488456726
1.3153011798858643
1.3314905166625977
2.1338202953338623
1.7408795356750488
1.6735036373138428
1.748126745223999
3.259652614593506
3.256338357925415
3.0834195613861084
3.245823621749878
3.19856333732605
2.51838755607605
2.144303321838379
1.9741342067718506
2.4146218299865723
2.2527732849121094
2.3478426933288574
3.0410616397857666
2.6289403438568115
2.2326834201812744
1.8720743656158447
3.3017759323120117
1.9435536861419678
4.293114185333252
2.569654703140259
0.6884056925773621
3.185379981994629
2.4154088497161865
2.840654134750366
2.97080397605896
2.9662420749664307
1.3739087581634521
1.4928970336914062
1.4718105792999268
1.3864622116088867
1.280332088470459
1.576798915863037
2.059607982635498
1.229928970336914
3.4311587810516357
2.415496587753296
1.2246160507202148
0.7452871203422546
1.5216422080993652
1.0852816104888916
1.4087047576904297
0.9584749341011047
0.8041834235191345
1.1037309169769287
1.313002109527588
1.2520925998687744
1.6049222946166992
0.8295559287071228
1.3749277591705322
2.0951547622680664
0.6836806535720825
0.7443176507949829
0.7232876420021057
0.6636573076248169
0.6189951300621033
0.6888542175292969
0.6695894598960876
0.6400679349899292
1.8266000747680664
3.2706358432769775
3.2570784091949463
2.631150007247925
1.2768781185150146
2.0029659271240234
2.532963275909424
2.611239433288574
1.8687338829040527
0.7890620827674866
1.2799885272979736
3.583071231842041
3.2122044563293457
0.8707301020622253
3.3597769737243652
2.8988001346588135
3.058986186981201
2.5348269939422607
2.283775568008423
2.450239896774292
2.168238401412964
1.1226723194122314
2.1440415382385254
1.9355223178863525
1.938124418258667
1.6948275566101074
2.157834053039551
2.9377830028533936
3.171353816986084
1.994490623474121
1.9326364994049072
2.104868173599243
2.960308313369751
1.3214082717895508
1.9476451873779297
1.8151698112487793
2.470651149749756
1.5453617572784424
1.1386628150939941
0.6876309514045715
0.7509337067604065
0.7117906212806702
3.1196048259735107
3.4876341819763184
3.5641629695892334
3.4957077503204346
3.1732635498046875
2.7223143577575684
1.9688620567321777
2.838292121887207
3.2995615005493164
3.3944361209869385
1.0161159038543701
1.0258338451385498
0.952985942363739
1.354999303817749
1.477484941482544
1.8146295547485352
2.372546434402466
1.827122449874878
1.3885776996612549
2.7282934188842773
1.8697986602783203
2.378114700317383
3.1130964756011963
2.5957744121551514
2.919990301132202
2.940788507461548
1.187333345413208
0.8691117167472839
1.0060856342315674
1.0333905220031738
0.9705111384391785
3.3574979305267334
3.025104522705078
2.580673933029175
3.1140151023864746
1.8882615566253662
2.4383859634399414
1.5849239826202393
2.095557689666748
2.985722780227661
2.9937164783477783
3.1029598712921143
2.8859357833862305
1.6504878997802734
2.7469189167022705
1.9911291599273682
2.7491507530212402
2.655282735824585
2.977282762527466
2.3416733741760254
2.1799278259277344
1.5361759662628174
2.275954246520996
0.9450458884239197
1.0243310928344727
1.1234002113342285
1.112760066986084
