0.7869475483894348
1.1519333124160767
2.607978343963623
0.8291663527488708
1.1809074878692627
1.1325246095657349
2.5488181114196777
2.836698055267334
1.2327545881271362
1.145697832107544
1.1112362146377563
1.3981842994689941
1.2662440538406372
1.1955286264419556
2.231672763824463
2.593046188354492
3.089205265045166
2.430553436279297
1.8985719680786133
1.5632108449935913
1.3048686981201172
1.3705872297286987
1.004993200302124
0.9602429866790771
0.8379396200180054
0.9134414792060852
1.6616239547729492
1.495961308479309
0.749779224395752
1.3675005435943604
0.4181213974952698
0.4750896096229553
0.6519554853439331
0.726514458656311
0.9633398056030273
2.797964572906494
3.071859359741211
1.9058037996292114
1.53986394405365
2.3117446899414062
1.7986270189285278
2.3392834663391113
2.3296380043029785
1.5856925249099731
1.969367504119873
2.2229537963867188
1.908045768737793
1.1681725978851318
1.4348021745681763
1.4250750541687012
1.5975815057754517
1.6886365413665771
1.4458476305007935
1.1213148832321167
1.3772896528244019
1.025858759880066
1.1426340341567993
1.2120660543441772
0.9730344414710999
1.0602097511291504
0.6922977566719055
0.7744028568267822
0.9043923616409302
1.8741122484207153
3.3409910202026367
2.7618813514709473
1.9653297662734985
3.1525731086730957
1.2215059995651245
1.4358805418014526
1.5677851438522339
1.3498245477676392
2.4195070266723633
2.064944267272949
3.451305389404297
2.6659083366394043
3.077538013458252
3.404843807220459
2.4872260093688965
0.8943780660629272
1.0158697366714478
1.3115601539611816
1.0275851488113403
0.8171741962432861
1.0690194368362427
1.0717949867248535
1.5966981649398804
1.1195725202560425
1.5468181371688843
1.6027015447616577
0.4851576089859009
0.6605011224746704
0.8479326367378235
1.0113874673843384
1.6320987939834595
1.4671173095703125
1.0664265155792236
1.2265995740890503
1.075947642326355
1.3768795728683472
2.9936108589172363
2.1108555793762207
0.7561241388320923
1.4146065711975098
1.486000418663025
1.232498049736023
1.3955708742141724
1.7245045900344849
1.7997760772705078
2.280447006225586
1.320976734161377
1.835170865058899
1.956706166267395
1.0802967548370361
0.9571136236190796
1.2131807804107666
2.9043617248535156
1.9706621170043945
0.5745772123336792
0.8382620215415955
0.6496995091438293
0.8967577815055847
3.5955772399902344
3.4206719398498535
2.6833953857421875
1.660390019416809
1.9700911045074463
2.8423585891723633
3.2525086402893066
2.800633430480957
1.8575526475906372
1.8231168985366821
1.7398911714553833
2.2011733055114746
2.0130553245544434
2.7974700927734375
2.1632699966430664
2.4890432357788086
2.3556108474731445
2.2878522872924805
2.111447334289551
2.3471593856811523
2.392056465148926
2.744882583618164
2.1658291816711426
2.659581184387207
2.05897855758667
1.7518073320388794
1.5069761276245117
1.5495365858078003
0.6496104001998901
0.794263482093811
3.3012800216674805
2.203080654144287
1.643141746520996
2.0315613746643066
1.4235106706619263
1.9749116897583008
1.6752418279647827
1.0547621250152588
1.6615344285964966
1.73855459690094
1.4399665594100952
1.7667025327682495
1.5798614025115967
1.7748843431472778
1.496690273284912
0.9401429295539856
2.057952404022217
2.101850986480713
2.673862934112549
2.128523349761963
1.669249415397644
1.3695577383041382
1.169504165649414
2.0298213958740234
1.2154203653335571
1.3872138261795044
1.6890416145324707
1.3178989887237549
0.5359699726104736
0.6795005798339844
0.8547734618186951
0.7085047364234924
0.998405933380127
0.999835729598999
0.943466067314148
0.8945217132568359
0.7128161787986755
0.7132570743560791
0.6626545190811157
0.6658426523208618
0.7607895731925964
0.6397010684013367
0.6709208488464355
0.6136265993118286
0.8318122029304504
0.7616362571716309
0.567072868347168
0.7776000499725342
0.9792530536651611
2.1413235664367676
2.8124213218688965
3.295741081237793
2.6485605239868164
3.0530858039855957
3.615743637084961
1.5741642713546753
2.559244155883789
2.0433154106140137
1.961719274520874
2.044064521789551
2.1103100776672363
2.5004982948303223
2.7804417610168457
2.3866043090820312
3.1241092681884766
2.626248836517334
1.6208113431930542
1.7821248769760132
1.6137210130691528
1.7792657613754272
1.900887370109558
2.087270736694336
2.3574419021606445
1.8087669610977173
3.091526508331299
2.589712619781494
2.514730453491211
3.4186296463012695
2.731031894683838
2.6766409873962402
2.230599880218506
2.307457447052002
2.3503756523132324
2.0214014053344727
2.6030197143554688
2.6254611015319824
2.350172519683838
2.1194510459899902
2.6742749214172363
2.457413673400879
2.4142212867736816
1.9787037372589111
2.3348569869995117
2.006260395050049
1.9217578172683716
1.4579025506973267
1.7064303159713745
1.6389139890670776
1.6715813875198364
1.5398362874984741
2.012742042541504
1.9245496988296509
2.1272521018981934
1.5939984321594238
1.981092095375061
1.8651543855667114
2.310878276824951
0.607352614402771
0.9596983194351196
3.096494674682617
2.1763033866882324
2.736154556274414
3.2025580406188965
2.7679972648620605
1.1617263555526733
1.282080054283142
1.4053236246109009
0.8326799869537354
2.2875571250915527
2.0951147079467773
2.4852356910705566
2.9140377044677734
2.3133726119995117
2.42808198928833
1.7852402925491333
1.0406665802001953
2.4543938636779785
2.0207061767578125
2.2307677268981934
3.0107765197753906
3.372908592224121
2.29068660736084
2.3423585891723633
2.847872734069824
2.90250825881958
2.0590977668762207
2.3510303497314453
0.9457638263702393
1.081513524055481
3.212233066558838
3.7903246879577637
3.9187264442443848
3.576364040374756
3.336811065673828
3.001269817352295
3.007812023162842
2.8697738647460938
2.5670533180236816
3.6579275131225586
3.1589436531066895
2.784432888031006
2.8061232566833496
2.370321750640869
2.372722625732422
2.5754036903381348
1.4180580377578735
3.0691843032836914
3.3214030265808105
2.4453253746032715
2.264737129211426
2.714113235473633
2.1819376945495605
2.428034782409668
2.6370949745178223
2.919375419616699
1.0076024532318115
0.796292245388031
0.7094423770904541
0.768763542175293
2.1631994247436523
2.4322257041931152
2.808617115020752
2.7009053230285645
2.27054500579834
2.1015067100524902
2.011148452758789
2.4154276847839355
3.215796947479248
3.120634078979492
2.9497523307800293
3.096010684967041
2.1040453910827637
2.6716675758361816
3.3513989448547363
2.468649387359619
2.3038644790649414
2.355900764465332
2.1082653999328613
2.001692295074463
1.7508538961410522
2.534198760986328
2.8404979705810547
2.637749195098877
2.269357204437256
2.4853930473327637
2.906862735748291
1.0993350744247437
0.6160481572151184
0.6298196315765381
0.8070785999298096
0.940226674079895
1.8388276100158691
3.2810378074645996
2.5908193588256836
1.8662775754928589
2.032428741455078
1.0198454856872559
3.2737860679626465
3.3505611419677734
3.478851795196533
3.3100943565368652
1.8741919994354248
2.3083724975585938
1.5590569972991943
2.1337156295776367
2.216801643371582
2.2485694885253906
3.1550893783569336
1.7635966539382935
2.6429405212402344
2.1100683212280273
1.2882400751113892
3.17427921295166
2.6550159454345703
1.96198308467865
2.096487045288086
2.645430088043213
0.638886034488678
1.1961398124694824
1.1502143144607544
1.120345115661621
1.4365653991699219
1.3126624822616577
1.0850282907485962
1.4378749132156372
2.637692928314209
2.1123666763305664
2.1635842323303223
1.0678457021713257
0.8188655376434326
1.0680980682373047
1.4947212934494019
1.4165470600128174
1.7453806400299072
2.1247239112854004
1.099775791168213
2.0415921211242676
1.6125932931900024
1.0374089479446411
2.0789637565612793
2.122542381286621
2.712697982788086
2.217304229736328
2.005749225616455
2.0810928344726562
1.158316731452942
2.0448479652404785
0.6979424953460693
1.2150756120681763
1.1669408082962036
1.3452035188674927
1.0313303470611572
1.4711426496505737
1.0402227640151978
1.126646876335144
0.9474460482597351
1.1588455438613892
1.1710903644561768
1.2919248342514038
1.0256839990615845
0.6965557336807251
0.896925687789917
1.1451928615570068
1.0717027187347412
1.0438389778137207
0.9436321258544922
0.9847737550735474
0.8520169258117676
1.2781305313110352
1.7218090295791626
1.3288127183914185
1.5731462240219116
1.4371132850646973
1.1583048105239868
1.7984803915023804
1.6453570127487183
1.1415101289749146
0.555963933467865
0.5567469000816345
0.7694552540779114
0.6374861001968384
1.5961021184921265
1.3703404664993286
1.914554476737976
1.360782265663147
0.7559070587158203
1.0746721029281616
1.5221859216690063
1.361208200454712
1.4236395359039307
2.1422128677368164
1.754500150680542
2.0569372177124023
1.8762115240097046
3.274111747741699
2.1452975273132324
2.1858716011047363
1.8985302448272705
1.8485277891159058
1.906978964805603
1.602279543876648
1.2252206802368164
1.0281639099121094
1.468931794166565
1.7909349203109741
1.8744667768478394
1.2383157014846802
0.8985216617584229
0.9665915369987488
1.0920000076293945
3.871591567993164
2.85080623626709
2.6268930435180664
2.848029136657715
2.562422275543213
2.3273801803588867
2.542494773864746
2.9933223724365234
3.0757088661193848
2.569228172302246
2.353816509246826
2.4485020637512207
2.7293901443481445
1.8466813564300537
2.4710893630981445
2.3346948623657227
2.5950160026550293
2.280261516571045
2.7121477127075195
2.2569732666015625
3.3409061431884766
2.31571102142334
2.2450060844421387
1.6895766258239746
2.100799083709717
1.9733422994613647
1.3494676351547241
0.7880478501319885
1.7888387441635132
3.0905466079711914
2.4161620140075684
2.413752555847168
3.3492918014526367
3.4026007652282715
3.102255344390869
2.518463611602783
2.62174129486084
2.626370429992676
2.471534252166748
2.548503875732422
2.526670455932617
2.4833908081054688
2.6854519844055176
2.648433208465576
2.3671674728393555
2.370210647583008
2.0791516304016113
2.201289653778076
2.2835001945495605
2.762997627258301
3.2540769577026367
3.1194963455200195
2.7479119300842285
1.2880542278289795
1.043699860572815
0.8020169138908386
1.0198787450790405
0.7245534658432007
0.8381760716438293
0.8961007595062256
3.117839813232422
3.2680039405822754
1.9891973733901978
2.326259136199951
2.342617988586426
3.592782497406006
3.2416610717773438
2.3914780616760254
2.197472095489502
0.7655622959136963
0.9972155094146729
0.9677699208259583
1.7070001363754272
1.9386087656021118
1.7660024166107178
2.9048123359680176
2.78847074508667
2.289755344390869
2.151247501373291
2.1942949295043945
2.7716641426086426
2.711724281311035
2.204832077026367
3.5172815322875977
3.103508472442627
2.683628559112549
3.092594623565674
0.8257412910461426
1.7544407844543457
3.3898730278015137
3.4953365325927734
3.2380857467651367
1.3278197050094604
2.3136205673217773
3.0391478538513184
2.2893662452697754
3.1788582801818848
2.778463840484619
2.801466941833496
3.032104969024658
1.6642903089523315
1.4316794872283936
1.4787884950637817
1.429165005683899
1.119242787361145
2.0198874473571777
3.8490753173828125
3.9078540802001953
3.072061061859131
2.905416488647461
1.8863528966903687
2.1006975173950195
2.048356056213379
2.1798086166381836
1.6554957628250122
1.5550601482391357
2.0388197898864746
0.5570664405822754
0.7027164697647095
0.7956597805023193
0.9434080123901367
1.0013878345489502
1.404486060142517
1.5950489044189453
1.604817509651184
1.996984839439392
2.5057973861694336
2.452592372894287
1.8927524089813232
2.5588178634643555
3.345378875732422
3.3462958335876465
3.4911575317382812
3.2090883255004883
2.5627670288085938
1.9160462617874146
1.6510714292526245
2.144906520843506
2.026648998260498
2.094088554382324
2.433396816253662
2.606454372406006
2.1607542037963867
1.5908972024917603
1.0250051021575928
1.485016942024231
3.0433969497680664
0.7087292671203613
0.6955916881561279
1.493438959121704
1.3017635345458984
1.7386749982833862
1.1263821125030518
2.0846095085144043
2.810481071472168
1.1354637145996094
0.9178673028945923
1.2704236507415771
0.8927147388458252
1.254934310913086
0.8396878838539124
0.9421279430389404
1.089748740196228
1.7756327390670776
3.142338275909424
2.2095155715942383
2.0053868293762207
2.3383755683898926
2.104302406311035
1.8978253602981567
1.80128812789917
1.543894648551941
1.7544418573379517
2.3036513328552246
1.890804409980774
1.4214770793914795
1.319024682044983
0.9758531451225281
1.3796330690383911
0.9295811653137207
1.5758663415908813
1.6325993537902832
1.115875482559204
0.904444694519043
1.7984274625778198
2.878289222717285
3.2168688774108887
3.2251858711242676
0.8868892192840576
2.563464641571045
1.990752935409546
2.075606346130371
1.185775876045227
2.208860397338867
0.7759417295455933
0.8663182258605957
1.819124460220337
2.762159824371338
2.4349637031555176
2.928501605987549
2.9569029808044434
2.695878505706787
2.184563159942627
1.5941356420516968
1.3051902055740356
1.1570169925689697
1.7209380865097046
1.5584758520126343
1.1803570985794067
1.7475485801696777
1.3299816846847534
1.871627688407898
1.770959734916687
1.8401519060134888
1.3848786354064941
2.00923490524292
1.3336986303329468
2.7281641960144043
2.9449658393859863
1.4722354412078857
1.7444297075271606
1.0510109663009644
1.1950318813323975
1.3625470399856567
0.623397946357727
0.7573726177215576
2.3269381523132324
2.901132583618164
2.6349339485168457
2.0381951332092285
1.7741819620132446
1.2471460103988647
3.181351661682129
3.3266043663024902
3.5246005058288574
3.384718894958496
2.5492711067199707
1.3001371622085571
1.263584017753601
1.2972729206085205
1.1808561086654663
1.083611011505127
1.4310303926467896
1.2371832132339478
1.3857759237289429
1.7164782285690308
2.2326817512512207
1.6006124019622803
1.5482293367385864
1.5553500652313232
1.3963578939437866
1.4881874322891235
1.9655451774597168
1.6119107007980347
2.966811180114746
1.4773313999176025
1.3158597946166992
3.7905759811401367
3.758334159851074
3.1826725006103516
3.0281271934509277
2.607022762298584
2.2333455085754395
3.405712127685547
3.540102481842041
3.2467994689941406
2.7246665954589844
2.1744613647460938
2.4353742599487305
1.586042046546936
1.389743447303772
1.1288865804672241
1.426182746887207
1.2000453472137451
1.580764889717102
1.6789007186889648
0.7065706253051758
0.7089109420776367
0.8294023871421814
0.9061938524246216
0.9012936353683472
1.107956051826477
2.4203243255615234
2.899456024169922
0.90889573097229
3.23878812789917
1.2522404193878174
1.672228217124939
0.867588996887207
0.9234284162521362
1.4612518548965454
2.693203926086426
3.4944281578063965
1.5093107223510742
1.39438796043396
2.45713472366333
1.7197496891021729
2.08970308303833
1.3149535655975342
1.3899956941604614
1.3884365558624268
1.3010668754577637
0.696795642375946
0.9079211950302124
0.6355589032173157
0.5369635820388794
0.9480302333831787
0.7886830568313599
0.9165259599685669
1.9900740385055542
1.8993624448776245
1.0470305681228638
3.2732510566711426
1.1084728240966797
1.5385801792144775
1.2664715051651
1.9363633394241333
2.30808687210083
2.5147809982299805
1.6411997079849243
1.5069814920425415
1.318415880203247
1.3035293817520142
1.341043472290039
1.5114476680755615
1.1631205081939697
1.261133074760437
1.739188551902771
1.2973347902297974
1.845643401145935
1.4932026863098145
1.7236329317092896
1.8078526258468628
1.7771679162979126
1.8056446313858032
1.903355360031128
0.7985810041427612
0.7369195222854614
0.8436682224273682
2.966244697570801
3.166924476623535
2.402101516723633
2.9683961868286133
2.4847769737243652
1.2384217977523804
2.9598894119262695
1.4973264932632446
1.889909029006958
1.9598346948623657
1.951241374015808
1.7182332277297974
1.1844717264175415
1.4533865451812744
2.142566680908203
1.1673507690429688
1.063236951828003
1.0465935468673706
1.1262165307998657
1.4338915348052979
1.5012024641036987
1.7998487949371338
1.4617022275924683
1.1157926321029663
1.3660329580307007
0.9816537499427795
0.6140227913856506
0.8378161191940308
0.7980741262435913
2.9859485626220703
3.3536529541015625
3.1556882858276367
1.2792794704437256
1.262483835220337
2.560532569885254
3.3349103927612305
3.3252134323120117
3.2140250205993652
2.3798117637634277
1.8488349914550781
1.0033859014511108
1.3029817342758179
1.3785244226455688
1.8548213243484497
1.990167260169983
3.048102378845215
1.196504831314087
2.0631208419799805
1.1663923263549805
2.155785083770752
1.3774107694625854
2.4032535552978516
1.7923078536987305
1.7844125032424927
1.7706230878829956
2.1787872314453125
2.058098316192627
0.6827206015586853
0.7216863036155701
0.8993977308273315
2.0611090660095215
3.9291605949401855
3.7081027030944824
3.1417078971862793
3.4157490730285645
3.274184226989746
3.5668792724609375
2.8095192909240723
3.240817070007324
3.1100759506225586
2.1920876502990723
2.2993383407592773
2.2116150856018066
2.3133320808410645
2.5923800468444824
2.290104389190674
1.9350181818008423
2.4125185012817383
2.292001247406006
2.159580707550049
2.6038999557495117
3.496866226196289
3.7787976264953613
3.2959647178649902
3.4092226028442383
3.162412643432617
3.0082273483276367
0.8762394785881042
1.7266346216201782
1.8922044038772583
2.8141322135925293
2.8066582679748535
1.4601999521255493
0.8643277883529663
0.9547978639602661
2.1969594955444336
1.897046446800232
1.1592433452606201
0.8829914927482605
1.2046133279800415
1.6612459421157837
1.6741050481796265
1.6875911951065063
1.9637441635131836
1.5481752157211304
1.0389350652694702
1.6989401578903198
1.7697279453277588
2.276278018951416
2.604879379272461
2.8382668495178223
3.2326807975769043
3.2147626876831055
2.3349547386169434
2.366130828857422
2.6518020629882812
2.5514612197875977
0.8116187453269958
0.798012375831604
0.9649925231933594
3.0091705322265625
3.9442319869995117
2.806857109069824
3.3323898315429688
3.4300575256347656
3.5999197959899902
3.0838942527770996
3.349132537841797
2.9766807556152344
2.658236503601074
2.5126304626464844
2.74338436126709
2.4435534477233887
2.124096393585205
2.223008632659912
2.8657217025756836
2.789764404296875
2.4206957817077637
2.4328255653381348
3.1303820610046387
2.9844837188720703
3.3614439964294434
2.9792957305908203
3.1399855613708496
3.6549787521362305
3.504227638244629
3.0896072387695312
0.6216148138046265
1.9938846826553345
1.8056806325912476
2.580981731414795
2.3585290908813477
2.343351364135742
1.8322014808654785
2.389770984649658
2.360283374786377
2.960993766784668
3.679980754852295
2.8725972175598145
2.661162853240967
1.3096153736114502
1.3498305082321167
2.563730239868164
1.1949105262756348
2.0833945274353027
1.4773937463760376
2.2312073707580566
1.7004941701889038
1.8330425024032593
1.356157898902893
2.072506904602051
2.0038652420043945
2.5875730514526367
2.24192476272583
2.1879138946533203
2.0337257385253906
2.2725205421447754
0.7066605091094971
0.788245439529419
2.661881923675537
2.954428195953369
2.7735838890075684
0.9157091379165649
1.7557302713394165
0.8298609852790833
1.4234306812286377
1.9608161449432373
2.53804874420166
2.1200098991394043
2.0461831092834473
1.1929395198822021
2.0070643424987793
1.9777623414993286
2.1668038368225098
1.8601646423339844
2.2010884284973145
0.9777461886405945
1.661452293395996
1.5756224393844604
2.1925320625305176
2.163802146911621
2.356074810028076
1.953121542930603
1.9283149242401123
1.686350703239441
1.8249508142471313
1.251436471939087
0.7749953866004944
1.2792606353759766
3.4443111419677734
1.924891710281372
2.4031667709350586
2.2734389305114746
2.7322654724121094
3.229518413543701
2.563113212585449
1.9498569965362549
1.8514758348464966
2.2390270233154297
2.3142294883728027
2.6816611289978027
2.214892864227295
2.153087615966797
1.9199124574661255
1.855019211769104
1.787798523902893
1.6254388093948364
1.7653969526290894
1.729521632194519
2.2586216926574707
2.0908946990966797
1.9066861867904663
1.6479943990707397
1.5285522937774658
1.5682562589645386
1.3039928674697876
1.0254298448562622
0.8043897151947021
0.7477455735206604
1.144349455833435
2.189206123352051
3.5576229095458984
3.692880630493164
1.161576509475708
2.5780296325683594
2.114014148712158
2.412400245666504
1.0996962785720825
2.052722930908203
1.982740044593811
2.7211432456970215
1.7228468656539917
2.0316834449768066
1.9347542524337769
1.4844138622283936
0.9380636215209961
1.796277403831482
1.7531633377075195
2.3048858642578125
2.8273234367370605
2.719876289367676
2.365424156188965
2.132965087890625
2.0778656005859375
1.1177783012390137
0.6986191868782043
0.6405470371246338
0.5407735705375671
0.5613660216331482
0.6711055040359497
0.7689104080200195
1.006727695465088
2.5499143600463867
1.8855019807815552
2.0420870780944824
2.079585552215576
0.9804841876029968
1.5976537466049194
1.704283595085144
1.131076693534851
1.9380899667739868
1.806325912475586
3.0723776817321777
3.1722230911254883
2.495056629180908
1.531341791152954
1.0736371278762817
1.1166954040527344
1.0067224502563477
1.1216384172439575
1.5301942825317383
1.2314950227737427
0.8796778917312622
0.784123420715332
0.9106022119522095
1.4812284708023071
0.8324533700942993
1.9299713373184204
1.0684386491775513
1.2377870082855225
1.1529697179794312
2.1209702491760254
1.7953948974609375
2.8743677139282227
2.1857686042785645
3.1165547370910645
2.649082660675049
3.0590286254882812
3.2749438285827637
2.5832862854003906
1.5785460472106934
2.820557117462158
3.414903163909912
3.2748708724975586
3.141857147216797
3.202948570251465
2.7784876823425293
2.615034580230713
1.516141653060913
2.7858662605285645
2.4290056228637695
2.450469970703125
1.8139182329177856
3.0516953468322754
3.414486885070801
3.4062857627868652
1.9569233655929565
2.6491222381591797
2.4404993057250977
3.338317394256592
3.4956445693969727
3.0915141105651855
2.3186612129211426
2.2387609481811523
1.5565407276153564
2.112366199493408
2.413860321044922
2.7424793243408203
2.3268613815307617
2.3204708099365234
1.9250839948654175
2.872615337371826
3.2502388954162598
3.5164222717285156
1.3708345890045166
2.4151415824890137
3.4891886711120605
3.2330684661865234
2.654876708984375
2.6458253860473633
2.478302001953125
2.3339805603027344
2.281876564025879
2.3398618698120117
2.976731777191162
3.398219585418701
2.9665966033935547
0.7501311302185059
1.0143190622329712
2.773409366607666
2.860611915588379
3.2647361755371094
3.2697129249572754
3.4700660705566406
3.3873586654663086
2.891995429992676
2.190387725830078
2.1446261405944824
2.6342058181762695
3.343029499053955
2.6850199699401855
2.2124791145324707
2.6824584007263184
2.292588233947754
3.5505480766296387
3.3063979148864746
2.803070545196533
3.1101293563842773
2.074526309967041
2.8194222450256348
2.478583812713623
3.0044050216674805
2.704782009124756
2.3211398124694824
2.24615478515625
1.9425253868103027
2.3396048545837402
0.7778698801994324
0.7393379211425781
0.8494493961334229
0.9483596086502075
2.848179817199707
3.6390280723571777
2.971220016479492
3.419522762298584
3.5511722564697266
3.5166683197021484
1.4008947610855103
1.9788824319839478
2.4159622192382812
3.179265022277832
3.8021202087402344
3.508281707763672
2.7042970657348633
3.558248996734619
3.615433692932129
2.5995917320251465
3.482670783996582
2.72108793258667
2.4238009452819824
2.6939258575439453
3.5619759559631348
3.879014492034912
3.702371597290039
3.885441303253174
3.508981704711914
2.220000743865967
0.8469039797782898
1.035990595817566
3.2462635040283203
1.725392460823059
2.2839207649230957
2.270524024963379
2.2254037857055664
1.8709455728530884
2.3635144233703613
2.5528855323791504
2.0275654792785645
1.9176137447357178
1.4537444114685059
1.9096812009811401
1.6081665754318237
1.8323243856430054
1.806418776512146
1.4686061143875122
1.723460078239441
1.0777310132980347
1.1594356298446655
1.4318424463272095
1.6233972311019897
0.8820357918739319
1.3828951120376587
1.6833964586257935
1.5224571228027344
1.1072169542312622
1.1315737962722778
0.7478164434432983
0.6952987909317017
0.7886649370193481
0.8908535838127136
1.152010440826416
1.0187394618988037
1.4177414178848267
1.419373869895935
2.0114283561706543
1.7031279802322388
1.8689022064208984
1.6676033735275269
2.903416156768799
2.7427453994750977
2.6666579246520996
2.655649185180664
2.752293586730957
2.2128586769104004
1.9542359113693237
2.18038272857666
2.421480178833008
2.5458245277404785
2.6203126907348633
3.0949630737304688
2.4429197311401367
2.2633752822875977
2.086696147918701
2.4209442138671875
1.9577257633209229
3.6291089057922363
2.3166756629943848
0.8398994207382202
2.5565905570983887
2.1322426795959473
2.6014890670776367
2.668703079223633
2.6880998611450195
1.1382722854614258
1.164002776145935
1.0316420793533325
1.0168768167495728
1.2314192056655884
1.2459620237350464
1.5879896879196167
0.9274837374687195
3.3182878494262695
2.2912135124206543
1.1459914445877075
0.9384661316871643
1.672565221786499
1.1637074947357178
1.4843522310256958
0.960351288318634
1.138090968132019
1.0461925268173218
1.517269253730774
1.1192052364349365
1.4711709022521973
0.7348747849464417
1.385388970375061
1.6980085372924805
0.6664067506790161
0.8136368989944458
0.8371487855911255
0.8911390900611877
0.747234046459198
0.7876473665237427
0.8277080655097961
0.851081371307373
1.4912217855453491
2.4526190757751465
2.208430767059326
1.897426724433899
1.035882592201233
1.386694312095642
1.4409877061843872
1.6116291284561157
1.1759504079818726
0.7528026103973389
1.6423962116241455
3.4026308059692383
2.6512436866760254
1.3392579555511475
3.3477087020874023
2.556743621826172
2.8973770141601562
2.2342000007629395
2.1997170448303223
2.324453353881836
2.0820674896240234
1.4889909029006958
2.281564235687256
1.9170805215835571
2.034593105316162
1.6373841762542725
2.094193458557129
3.1162567138671875
2.9493789672851562
1.656934142112732
1.9312570095062256
1.5723897218704224
2.4322943687438965
1.2522004842758179
1.712242603302002
1.3475004434585571
2.0383667945861816
1.1894394159317017
1.1094473600387573
0.7626906633377075
0.7701650857925415
0.9335426092147827
2.3986525535583496
2.8455586433410645
3.087606906890869
3.244455337524414
2.267545700073242
2.0135087966918945
1.4372509717941284
2.8759050369262695
3.3366456031799316
3.4593100547790527
1.1671313047409058
1.155592918395996
1.1977639198303223
1.3686106204986572
1.3066061735153198
2.040036201477051
2.5452380180358887
1.6730504035949707
1.5126227140426636
2.2622618675231934
1.702031135559082
2.1687703132629395
2.665440559387207
2.22833251953125
2.619779586791992
2.5391592979431152
1.2984434366226196
0.8540958762168884
0.8961409330368042
0.8671925067901611
1.0714466571807861
2.8989877700805664
2.305539131164551
1.8957659006118774
2.182985305786133
1.662610650062561
1.9105148315429688
1.3672375679016113
1.6492195129394531
2.678311824798584
2.9025139808654785
2.6428818702697754
2.7034072875976562
1.9562023878097534
2.6069798469543457
1.9448164701461792
2.2290291786193848
2.359442710876465
2.888627529144287
2.176726818084717
1.7833340167999268
1.3914753198623657
2.3178110122680664
0.9730543494224548
0.7973933219909668
0.9183170795440674
1.128111481666565
