0.5566810369491577
0.7205036282539368
3.2596797943115234
0.8890148997306824
1.187906265258789
1.0786502361297607
2.6204326152801514
3.021646738052368
1.2643239498138428
1.106926441192627
1.2018792629241943
1.321310043334961
1.5740973949432373
1.2824163436889648
2.4400718212127686
3.3982245922088623
3.1736698150634766
3.3551361560821533
1.6557834148406982
1.4437565803527832
1.4138336181640625
1.3792905807495117
1.080014705657959
1.0079727172851562
0.8939431309700012
0.9905849099159241
1.1617867946624756
1.4093880653381348
0.695925772190094
1.2125909328460693
0.6875863671302795
0.7453675866127014
0.9611818790435791
1.2578654289245605
1.39986252784729
3.320298910140991
3.148265838623047
2.6468262672424316
2.3377432823181152
2.9866750240325928
2.7047252655029297
2.6960389614105225
2.405270576477051
1.4361968040466309
2.3700735569000244
2.819855213165283
2.2687556743621826
1.0370652675628662
1.5739688873291016
1.3608853816986084
1.34102463722229
1.422163724899292
1.20169997215271
0.9516782760620117
1.116297960281372
1.016808271408081
0.9082775712013245
1.0942785739898682
0.9904258251190186
0.9277697205543518
0.6656996607780457
0.7461854815483093
0.7552011609077454
1.5691754817962646
3.4241786003112793
3.0536980628967285
1.9433989524841309
3.6423048973083496
2.235661268234253
2.028118133544922
2.160261392593384
1.3368685245513916
2.655433416366577
1.7347278594970703
3.4136173725128174
3.2894442081451416
3.209399461746216
3.3057329654693604
2.6934802532196045
1.0804076194763184
0.972335696220398
1.3140220642089844
0.9345270991325378
0.8651949763298035
1.0528509616851807
1.0168211460113525
1.0979416370391846
0.9241323471069336
1.4051661491394043
1.5179929733276367
0.7040305733680725
0.7163967490196228
0.7914521098136902
0.7709263563156128
1.3872487545013428
1.5550596714019775
0.7431979775428772
1.1086831092834473
0.9566761255264282
1.315697431564331
3.5000698566436768
2.1259310245513916
0.6765177249908447
1.114119529724121
1.2355520725250244
1.054325819015503
1.0122687816619873
1.725480556488037
1.6916730403900146
2.4193665981292725
2.1801445484161377
2.234173536300659
2.381807327270508
1.390526533126831
1.0426082611083984
1.3381884098052979
3.3237686157226562
2.844512939453125
0.6779906749725342
0.7415470480918884
0.5831546783447266
0.6346169114112854
4.410572052001953
3.932044744491577
2.6836659908294678
2.037963390350342
2.1800551414489746
3.1388673782348633
3.982696771621704
3.0576581954956055
1.744706630706787
1.6737701892852783
1.796717882156372
2.0757954120635986
1.6765575408935547
2.8165042400360107
2.2452175617218018
2.3122565746307373
2.0697152614593506
2.3293917179107666
2.311539888381958
2.750694990158081
2.8310821056365967
2.938587188720703
2.2573294639587402
3.092210531234741
1.9482431411743164
1.6582200527191162
1.5127694606781006
1.3488402366638184
0.5573680996894836
0.6063925623893738
3.497831106185913
2.6707942485809326
1.6191251277923584
2.124779224395752
1.7346265316009521
1.8845248222351074
1.8748650550842285
1.018787145614624
1.757784366607666
1.6403558254241943
1.5561771392822266
1.6899583339691162
2.217845916748047
2.083266496658325
1.606048345565796
1.0266783237457275
2.4123356342315674
1.9281134605407715
2.462888479232788
1.9730875492095947
1.646557092666626
1.2266099452972412
0.9614364504814148
1.6309421062469482
1.1448304653167725
1.311107873916626
1.3679485321044922
1.3090205192565918
0.6311269998550415
0.6665169596672058
0.7599571943283081
0.6401812434196472
0.9849768280982971
0.8101368546485901
0.8764402270317078
0.7850238680839539
0.6769058108329773
0.7129101753234863
0.6914251446723938
0.7318089008331299
0.7445778846740723
0.7435837984085083
0.8438311815261841
0.7256827354431152
0.9293493628501892
0.6888623237609863
0.6749399304389954
0.6515610814094543
0.7046225666999817
2.3285183906555176
2.8222405910491943
3.311441659927368
2.027390956878662
2.6357433795928955
3.4568991661071777
1.1508071422576904
2.82586932182312
2.0080080032348633
2.212549924850464
1.9724125862121582
1.8453614711761475
2.1754682064056396
2.231712579727173
2.0309979915618896
2.7036585807800293
2.404369354248047
1.4282536506652832
1.1873667240142822
1.320239543914795
1.7562017440795898
1.6786730289459229
1.6686961650848389
1.66841721534729
1.531205654144287
2.637645959854126
2.5154080390930176
1.9981331825256348
2.9696645736694336
2.372939348220825
2.757185697555542
2.1755683422088623
2.261016368865967
2.3019325733184814
1.8588087558746338
2.426737070083618
1.981083631515503
1.9961721897125244
1.6261870861053467
2.1167163848876953
2.1505377292633057
2.116487503051758
1.8116848468780518
2.6869070529937744
2.4029102325439453
2.281531572341919
1.5370852947235107
1.8514742851257324
1.5161383152008057
1.4752230644226074
0.8565201163291931
1.8151378631591797
1.8331067562103271
2.1418397426605225
1.9214553833007812
2.2197744846343994
2.0532119274139404
2.676295042037964
0.6946971416473389
1.3539471626281738
3.822821855545044
3.079044818878174
3.2591872215270996
3.4117770195007324
3.238680362701416
1.6683449745178223
1.7842600345611572
2.118471622467041
1.0570600032806396
2.2337703704833984
2.422030448913574
2.820194721221924
3.2264139652252197
2.9382948875427246
2.696946382522583
2.1401355266571045
1.307121992111206
3.2397665977478027
2.640543222427368
2.26932430267334
3.4228293895721436
3.7712299823760986
3.3398663997650146
3.0454909801483154
3.298574209213257
3.365769624710083
2.630537748336792
2.9621031284332275
0.602382242679596
0.6598110198974609
4.012814998626709
4.315177917480469
3.952363967895508
3.686063766479492
3.4160149097442627
3.359818935394287
3.388777494430542
3.4144303798675537
2.4104292392730713
3.5444071292877197
3.096510410308838
2.611442804336548
2.4648635387420654
2.301856517791748
2.5574376583099365
2.8368914127349854
1.6384358406066895
3.2580788135528564
3.7073590755462646
2.8450300693511963
2.8586525917053223
3.4374136924743652
2.357422351837158
2.582428455352783
2.1532139778137207
2.352428436279297
1.1155266761779785
0.9564893245697021
0.6182368397712708
0.6458328366279602
1.9863736629486084
2.2850093841552734
3.252258539199829
2.561063051223755
2.1130545139312744
2.085143566131592
2.0566179752349854
2.466618061065674
3.394108533859253
3.016230583190918
2.9243667125701904
3.182943105697632
2.793661594390869
2.9625067710876465
3.514765977859497
2.801752805709839
2.6463940143585205
2.442155122756958
2.040708303451538
2.1502158641815186
1.7657217979431152
2.025472402572632
2.787869691848755
2.524831771850586
2.063202142715454
2.963521957397461
3.2670669555664062
1.2934355735778809
0.6172623634338379
0.68388831615448
0.7229753136634827
0.7220232486724854
1.6123096942901611
4.09214448928833
2.553480863571167
2.0012130737304688
2.2638208866119385
1.077685832977295
3.2287702560424805
3.168468713760376
3.084530830383301
3.31274151802063
1.5626490116119385
1.9045164585113525
1.2185773849487305
2.197052001953125
1.7753794193267822
1.8870115280151367
2.834643602371216
1.9804127216339111
2.5276243686676025
2.17641544342041
1.0478100776672363
3.1607468128204346
2.7185120582580566
2.117617130279541
2.5919063091278076
2.8691108226776123
0.7741039991378784
1.0066840648651123
0.9403128027915955
1.0484809875488281
1.214787483215332
1.172051191329956
0.943920373916626
1.2755155563354492
2.854509115219116
2.0547738075256348
3.0770227909088135
1.376558542251587
0.7868436574935913
0.9881280064582825
1.2197046279907227
1.3206443786621094
1.3039252758026123
2.0052359104156494
0.9192826151847839
1.659475326538086
1.5537326335906982
1.4839293956756592
2.213304281234741
2.1259682178497314
2.827489137649536
2.0758371353149414
2.326432943344116
2.293837785720825
1.9799232482910156
2.446027994155884
0.7617876529693604
1.434770107269287
1.1741175651550293
1.9213676452636719
1.0240848064422607
1.86704421043396
1.2070884704589844
1.5443463325500488
1.014596700668335
1.5338294506072998
1.478442668914795
1.6310346126556396
1.5985009670257568
0.8312309980392456
1.0472450256347656
1.2588093280792236
1.234729290008545
1.2737977504730225
1.268162488937378
1.4832231998443604
0.9085288643836975
2.1055681705474854
1.971895694732666
1.2657108306884766
1.4846248626708984
1.311650276184082
1.0628559589385986
1.9756410121917725
1.4707579612731934
1.2829704284667969
0.593472957611084
0.6048166751861572
0.6953703761100769
0.6560202240943909
1.2103290557861328
1.144899606704712
1.5897254943847656
1.3416900634765625
0.6315883994102478
1.0659699440002441
1.4149014949798584
1.0470995903015137
1.4660160541534424
2.368633985519409
2.103783130645752
2.00341796875
1.7093689441680908
3.598637819290161
2.534355878829956
2.0011889934539795
1.6381034851074219
1.6399855613708496
1.5531113147735596
1.303746223449707
1.234372615814209
0.9573363661766052
1.3714103698730469
1.720263957977295
1.5871849060058594
1.1368067264556885
0.688502848148346
0.803409993648529
0.8238418102264404
4.199102878570557
2.7982285022735596
2.3195855617523193
2.778298854827881
2.859531879425049
2.1587257385253906
2.8277902603149414
3.2427637577056885
3.111391305923462
2.479383945465088
1.9073565006256104
2.0635125637054443
2.6401007175445557
1.1086103916168213
2.3405351638793945
2.1010630130767822
2.3323495388031006
1.7225534915924072
2.2981913089752197
1.884443998336792
3.0564985275268555
2.1975977420806885
2.101025342941284
1.4526934623718262
2.488293409347534
1.5396599769592285
1.1279358863830566
0.6570723652839661
1.480314016342163
2.7785768508911133
1.947021245956421
2.0320725440979004
2.862043857574463
3.708733320236206
3.614187240600586
1.5060596466064453
2.269961357116699
2.057915449142456
2.3086490631103516
2.4321377277374268
2.2895092964172363
2.2426540851593018
2.1116411685943604
2.5629937648773193
2.2799158096313477
2.368736505508423
2.502995252609253
2.563382387161255
2.527190923690796
2.6639792919158936
3.3821609020233154
3.220153331756592
2.7848126888275146
0.987546443939209
1.190645456314087
0.8698729872703552
1.100135326385498
0.7038021087646484
0.7832041382789612
0.7467901706695557
3.778653860092163
3.38162899017334
2.355057954788208
2.4605722427368164
2.4174680709838867
3.951373338699341
3.5449321269989014
2.9681074619293213
2.822852849960327
0.9190719127655029
1.0515503883361816
1.0151031017303467
1.6400015354156494
1.6263549327850342
1.7107484340667725
2.9089243412017822
2.8647232055664062
2.3530685901641846
2.155015230178833
2.0881402492523193
2.7431414127349854
3.05255389213562
2.590453624725342
3.5197978019714355
3.425562620162964
2.8822836875915527
3.107518434524536
0.5909731388092041
1.4754130840301514
4.0672783851623535
3.864497423171997
3.6727068424224854
1.0711040496826172
2.7618510723114014
3.1864500045776367
2.2309625148773193
3.0224502086639404
2.6759607791900635
2.663313388824463
2.8435397148132324
1.621934413909912
1.5241034030914307
1.5116760730743408
1.481921672821045
1.018214464187622
1.601022720336914
4.338226795196533
4.465221881866455
3.286348819732666
2.626474380493164
1.803394079208374
2.1419248580932617
2.070202112197876
2.2951433658599854
1.6771128177642822
1.342193365097046
1.5383660793304443
0.6744086742401123
0.7268608212471008
0.7448232173919678
0.7357695698738098
0.7864050269126892
1.3234848976135254
1.4739527702331543
1.576606273651123
1.7951173782348633
2.3356316089630127
2.3177149295806885
2.3312628269195557
2.1789543628692627
3.2489864826202393
3.483229637145996
3.6311490535736084
3.6105964183807373
2.7696948051452637
2.0046608448028564
2.313896417617798
2.244405508041382
2.221001625061035
2.0327939987182617
2.3983209133148193
2.0372297763824463
1.9438984394073486
1.6122560501098633
1.5616672039031982
1.8420040607452393
3.4373350143432617
0.60450679063797
0.6710527539253235
0.9948496222496033
0.9032199382781982
1.653533935546875
1.0678257942199707
2.2862114906311035
3.034632921218872
1.3261842727661133
1.154463291168213
1.799370288848877
0.8358205556869507
1.9987404346466064
0.68393474817276
0.7635807394981384
0.781524121761322
1.917433738708496
3.120619535446167
2.4014430046081543
2.3089404106140137
2.593066930770874
2.136596918106079
2.022655963897705
1.9075534343719482
1.808589220046997
2.2157039642333984
2.4907517433166504
2.3897664546966553
1.5438990592956543
1.2911581993103027
0.8443974256515503
1.4882464408874512
0.9361445307731628
1.5594367980957031
1.6077420711517334
0.9389806389808655
0.6155836582183838
1.2577500343322754
2.578732967376709
3.626020908355713
4.090212821960449
0.7334598302841187
2.7379539012908936
1.6546800136566162
2.4424376487731934
1.1777007579803467
2.6594526767730713
0.6834304332733154
0.7349681854248047
2.0385310649871826
2.65701961517334
2.148338556289673
3.2845332622528076
3.3277719020843506
2.725818395614624
2.068117380142212
1.437110185623169
1.0198431015014648
0.9902191758155823
1.2807550430297852
1.1700756549835205
0.877824604511261
1.5483191013336182
1.2854018211364746
1.7657418251037598
1.1036362648010254
1.6103088855743408
1.0046629905700684
1.7007880210876465
1.017223596572876
2.711544990539551
2.8175771236419678
2.411738634109497
2.195174217224121
1.1973514556884766
1.2329328060150146
1.78324294090271
0.6948705315589905
0.7189130783081055
1.6693646907806396
2.6498379707336426
2.025249481201172
1.797621250152588
1.731839895248413
1.439814805984497
3.2248470783233643
4.067866325378418
3.5360403060913086
2.74076509475708
2.1076958179473877
1.0473122596740723
1.0628318786621094
1.1547162532806396
0.8920749425888062
0.8749812245368958
0.9985715746879578
1.0395851135253906
1.0720269680023193
1.318225622177124
1.6432456970214844
1.4893784523010254
1.280463695526123
1.2247793674468994
1.3539249897003174
1.536482572555542
1.4054443836212158
1.4028122425079346
2.5768516063690186
0.8033544421195984
0.8237639665603638
3.989976167678833
3.7229058742523193
3.120237350463867
3.287299633026123
2.200593948364258
1.7522680759429932
2.9930970668792725
3.177717924118042
3.05307674407959
2.728085517883301
1.850095272064209
2.7318966388702393
1.4316260814666748
1.5679931640625
0.9507977366447449
1.0546526908874512
1.2180006504058838
1.3662831783294678
1.3182566165924072
0.7088083624839783
0.69410240650177
0.7218603491783142
0.6919809579849243
0.7070352435112
1.1856439113616943
2.146308660507202
2.909611225128174
1.0370945930480957
3.9959874153137207
1.625948190689087
2.6861419677734375
1.1008801460266113
1.1051089763641357
1.560044288635254
2.7468769550323486
3.1791956424713135
2.0747203826904297
1.637275218963623
2.928928852081299
2.0027761459350586
2.3608171939849854
1.5717968940734863
1.5329253673553467
1.6038827896118164
1.2974848747253418
0.7784828543663025
0.8374632000923157
0.8620537519454956
0.6846714019775391
0.6874306797981262
0.6074591279029846
0.7312230467796326
1.5328700542449951
1.3149073123931885
0.7443839907646179
3.5114030838012695
1.1743850708007812
1.4944477081298828
1.3392302989959717
1.5260701179504395
2.605409860610962
2.5257809162139893
1.8135650157928467
1.5763537883758545
0.9451649785041809
1.3184888362884521
1.3774347305297852
1.6078994274139404
0.9158693552017212
1.014237403869629
2.242311954498291
1.4693517684936523
1.7858645915985107
1.5282316207885742
1.71875
1.9738810062408447
1.923292636871338
1.7514171600341797
2.0387449264526367
0.6285915970802307
0.6266122460365295
0.6156148314476013
3.167893886566162
3.666346788406372
2.5860726833343506
3.15950083732605
2.5295450687408447
1.7847988605499268
3.2411606311798096
2.325360059738159
2.011934757232666
2.505922794342041
2.257458448410034
1.6332895755767822
1.2457635402679443
1.2123785018920898
2.095851182937622
1.1732358932495117
1.0921564102172852
1.184805154800415
1.1048030853271484
1.2898151874542236
1.3877477645874023
1.7391865253448486
1.5607421398162842
1.239171028137207
1.4254837036132812
1.0871944427490234
0.8004823327064514
0.6524696946144104
0.6703236103057861
4.0403733253479
3.9982850551605225
3.7243881225585938
1.6326103210449219
1.7024381160736084
2.8150691986083984
3.737950086593628
3.5467240810394287
3.281813383102417
2.3382620811462402
1.811957836151123
1.1142246723175049
1.4572746753692627
1.2594306468963623
1.7122535705566406
1.7922942638397217
3.1271634101867676
1.3633625507354736
2.5317652225494385
1.1176085472106934
2.4381203651428223
1.2898905277252197
2.127227544784546
1.4404168128967285
1.4650123119354248
1.4752533435821533
1.7843449115753174
1.9791021347045898
0.637345552444458
0.6803700923919678
0.6247342824935913
2.7002198696136475
4.046641826629639
3.6644346714019775
3.0329689979553223
3.1812446117401123
3.2994420528411865
3.669210195541382
2.937223434448242
2.609553337097168
2.1583006381988525
1.7414100170135498
1.6190769672393799
2.1881184577941895
2.3442773818969727
2.566038131713867
2.0368776321411133
1.6331737041473389
2.099869966506958
2.468364953994751
2.0323009490966797
3.269000291824341
3.77522349357605
3.5768845081329346
3.127322196960449
3.4229047298431396
3.3813583850860596
3.253364324569702
0.729283332824707
2.207202911376953
2.354008674621582
3.5200870037078857
2.8298237323760986
1.807584524154663
1.087965965270996
1.026212215423584
1.8554279804229736
1.534637212753296
1.015890121459961
0.8876675367355347
1.301250696182251
1.4062340259552002
1.4852466583251953
1.4400646686553955
2.0804710388183594
1.4386951923370361
1.045386791229248
1.4896669387817383
1.9156572818756104
2.1103315353393555
2.2402548789978027
3.206690549850464
3.206598997116089
3.0673134326934814
2.6657021045684814
2.8024885654449463
2.9861388206481934
2.7420196533203125
0.6724821925163269
0.7492582201957703
0.6273949146270752
3.90500545501709
4.356748104095459
3.506084680557251
3.928870916366577
4.006906986236572
4.1010332107543945
3.4970991611480713
3.6422932147979736
3.095357656478882
2.9128520488739014
2.639693021774292
3.288736581802368
2.6567635536193848
1.8185138702392578
1.9662401676177979
2.903480052947998
2.5228171348571777
1.9986562728881836
2.3932673931121826
2.8962600231170654
2.817368507385254
3.329439878463745
3.130432605743408
3.2691357135772705
3.4081642627716064
3.58127498626709
3.4161217212677
0.6595428586006165
2.1303024291992188
1.7208847999572754
3.4060046672821045
2.240712881088257
2.477884531021118
1.8723702430725098
2.079805612564087
2.147630453109741
3.3595001697540283
3.690540075302124
2.9933316707611084
2.721467971801758
1.5650627613067627
1.5951626300811768
3.2623820304870605
1.0503032207489014
2.143540143966675
1.623215675354004
2.187810182571411
1.9986486434936523
2.2000834941864014
1.5101850032806396
2.6980483531951904
2.182342290878296
2.721313953399658
2.572139024734497
2.333430290222168
1.7753348350524902
2.371870756149292
0.6345422863960266
0.6447791457176208
2.5716512203216553
2.796198606491089
3.050126314163208
0.8479741215705872
2.2752323150634766
0.8267006278038025
1.6798923015594482
1.5732061862945557
2.2935988903045654
1.8218269348144531
2.129323720932007
1.3064041137695312
1.6224966049194336
1.6991550922393799
1.9065191745758057
1.5520527362823486
1.9968373775482178
0.9117326736450195
1.8767728805541992
1.5755200386047363
1.9243879318237305
1.695976972579956
1.9491899013519287
1.6804912090301514
1.7678947448730469
1.496755599975586
1.502816915512085
1.1173827648162842
0.6007388830184937
0.8256067633628845
3.748007297515869
1.5211772918701172
2.4529552459716797
1.8447566032409668
2.4239447116851807
4.07797384262085
3.49360990524292
2.075904607772827
1.691615343093872
2.7694034576416016
2.574794054031372
3.3859119415283203
2.590869903564453
2.2510898113250732
2.0550649166107178
2.181047201156616
2.011112928390503
1.3285200595855713
1.92671537399292
1.8109722137451172
2.5369694232940674
2.4198105335235596
2.313570261001587
1.7676551342010498
1.3723716735839844
1.4334421157836914
1.3364863395690918
1.2294964790344238
0.7179440855979919
0.8713600039482117
1.1681621074676514
2.8758127689361572
3.902740001678467
4.296375274658203
1.6398999691009521
2.6283867359161377
1.9770619869232178
2.545289993286133
1.4405620098114014
2.320159912109375
2.125429391860962
2.5944125652313232
2.108713388442993
2.2990455627441406
2.101353645324707
1.8056573867797852
0.9218576550483704
1.7304964065551758
1.9655585289001465
2.3634698390960693
2.6198642253875732
3.1432721614837646
2.4758622646331787
2.2104477882385254
2.099436044692993
0.9417365193367004
1.016885757446289
0.6445561647415161
0.6907110810279846
0.7267355918884277
0.6955048441886902
0.7290613055229187
0.7178772687911987
3.1399948596954346
2.7924294471740723
2.0122599601745605
2.252856731414795
0.9889630675315857
1.3776302337646484
1.7165350914001465
1.5964858531951904
1.914292812347412
1.3367915153503418
3.657428026199341
3.4334771633148193
2.9410014152526855
2.321624517440796
1.4424583911895752
1.455075740814209
1.0475974082946777
1.1926777362823486
1.018688678741455
0.8929420113563538
0.8099629282951355
0.7139154076576233
0.8599178194999695
0.807598352432251
0.40963315963745117
2.097677230834961
0.670124888420105
0.7536141872406006
0.7664732336997986
1.7387659549713135
1.5021142959594727
2.461127519607544
1.5960297584533691
2.8607399463653564
1.9277877807617188
2.3236422538757324
3.115510940551758
2.8595736026763916
1.7683134078979492
2.992978572845459
3.2893474102020264
3.050572633743286
2.9301247596740723
3.5395781993865967
2.926495313644409
2.3693535327911377
1.0753202438354492
2.5183258056640625
1.6948258876800537
2.2762889862060547
2.0349442958831787
3.335196018218994
3.3958592414855957
3.226994514465332
2.4655280113220215
2.738483428955078
2.4587559700012207
3.477404832839966
3.039567470550537
3.166663408279419
2.4794347286224365
2.6147193908691406
2.181304693222046
2.1131274700164795
2.398960828781128
2.7882137298583984
2.596174955368042
2.378131628036499
2.2958221435546875
2.8631858825683594
3.057469129562378
3.573803663253784
1.6517553329467773
2.6028904914855957
3.415215253829956
3.3374979496002197
2.580724000930786
2.514432907104492
2.514134168624878
2.4818131923675537
2.308344602584839
1.980090856552124
2.380573272705078
3.268040895462036
2.8905975818634033
0.6486313939094543
0.6867672801017761
3.3100693225860596
3.325040578842163
3.769362688064575
3.7497165203094482
3.5030782222747803
3.3923137187957764
2.790956974029541
2.398749589920044
2.09291410446167
2.5019259452819824
3.542175054550171
3.0240235328674316
2.166229724884033
2.8108603954315186
2.6533005237579346
3.5144240856170654
3.5545542240142822
3.1917550563812256
3.382101535797119
2.5115151405334473
2.858848810195923
2.5663654804229736
3.2889328002929688
2.687624216079712
2.6000351905822754
2.6000771522521973
2.734192132949829
2.630464792251587
0.6690574288368225
0.7099459171295166
0.6569124460220337
0.7599707841873169
1.2279787063598633
3.7236223220825195
3.037052631378174
3.606464147567749
3.5150654315948486
3.5508663654327393
1.3074336051940918
2.1249616146087646
2.1795654296875
3.0619595050811768
3.7425522804260254
3.6326024532318115
2.3944523334503174
3.637061357498169
3.748990058898926
2.7990846633911133
3.5461642742156982
2.3005483150482178
2.3618812561035156
2.4085910320281982
3.2675163745880127
3.734036445617676
3.482203722000122
3.739071846008301
3.2777950763702393
2.4886209964752197
1.1658806800842285
0.9326372146606445
3.2077276706695557
1.8010363578796387
2.333839178085327
2.067779779434204
2.2837822437286377
1.9889764785766602
2.2884981632232666
2.292642116546631
1.9337234497070312
1.76247239112854
1.8356294631958008
1.7953698635101318
1.5948486328125
1.8211171627044678
1.6227099895477295
1.534414529800415
1.653313398361206
1.4889354705810547
1.2172343730926514
1.305652141571045
1.3156590461730957
0.9716235399246216
1.0696916580200195
1.4581894874572754
1.1051409244537354
0.9760655760765076
1.07576584815979
0.6468602418899536
0.6918493509292603
0.6670018434524536
0.6855554580688477
0.8150396347045898
0.8358208537101746
1.25138258934021
1.2269353866577148
2.0985453128814697
1.6827776432037354
1.6678342819213867
1.678572416305542
3.3289499282836914
3.3650100231170654
3.1191422939300537
3.2827718257904053
3.288755416870117
2.5419652462005615
2.1674845218658447
1.954345703125
2.3504364490509033
2.175180673599243
2.3844926357269287
3.106623649597168
2.5790536403656006
2.1403417587280273
1.7757630348205566
3.287170648574829
1.8849987983703613
4.353669166564941
2.5733799934387207
0.6424204707145691
3.2355213165283203
2.444228410720825
2.8949620723724365
2.9806132316589355
3.0273656845092773
1.315598964691162
1.4322445392608643
1.3507072925567627
1.2927615642547607
1.2029061317443848
1.5008862018585205
1.897634744644165
1.0850682258605957
3.5412685871124268
2.493293285369873
1.1605207920074463
0.7443365454673767
1.4831748008728027
1.0413734912872314
1.3604340553283691
0.9483702778816223
0.801544189453125
1.069474697113037
1.257899284362793
1.2288072109222412
1.5319569110870361
0.8014914393424988
1.284510612487793
1.9644627571105957
0.6717386841773987
0.7345818877220154
0.7204542756080627
0.6595081090927124
0.6159009337425232
0.6848341822624207
0.6675864458084106
0.6291327476501465
1.7358171939849854
3.218562364578247
3.190312147140503
2.5313494205474854
1.2651190757751465
1.9058294296264648
2.4425907135009766
2.490126371383667
1.7164125442504883
0.7268314957618713
1.139664649963379
3.6578032970428467
3.1906204223632812
0.838984489440918
3.3880302906036377
2.8548390865325928
3.0373423099517822
2.4826714992523193
2.1436753273010254
2.3917300701141357
2.0892374515533447
1.0696313381195068
2.026456117630005
1.8173613548278809
1.808173656463623
1.5833523273468018
2.0531084537506104
3.0354275703430176
3.248823642730713
1.896914005279541
1.8464906215667725
2.062836170196533
2.9223413467407227
1.28849196434021
1.9250950813293457
1.8110923767089844
2.395477771759033
1.500291347503662
1.0851893424987793
0.6809202432632446
0.745469868183136
0.6819786429405212
2.9825327396392822
3.504599094390869
3.5397164821624756
3.4940435886383057
3.106734037399292
2.655567169189453
1.9020271301269531
2.7856385707855225
3.3380260467529297
3.417721748352051
0.9900118708610535
0.9997344613075256
0.9252913594245911
1.3316662311553955
1.4232583045959473
1.748439073562622
2.4134466648101807
1.7620196342468262
1.3374300003051758
2.7424590587615967
1.834496021270752
2.388995885848999
3.1354780197143555
2.59601092338562
2.9225869178771973
2.8730602264404297
1.1541321277618408
0.8433277010917664
0.9868289828300476
1.0268003940582275
0.9687703251838684
3.4118525981903076
3.0340991020202637
2.493739128112793
3.042793035507202
1.864387035369873
2.4091875553131104
1.5537140369415283
1.9797053337097168
2.888979434967041
2.97048020362854
3.1080737113952637
2.8830416202545166
1.6903982162475586
2.680466651916504
1.9217126369476318
2.7332470417022705
2.5985195636749268
2.9919981956481934
2.317293882369995
2.2034614086151123
1.5371875762939453
2.270266056060791
0.9420677423477173
0.9902982115745544
1.1022162437438965
1.0814385414123535
