0.600344717502594
0.6405262351036072
3.106580972671509
0.693591833114624
1.0284276008605957
0.9194403290748596
2.3615918159484863
2.517733573913574
1.0346996784210205
1.2456040382385254
0.7928778529167175
0.914764940738678
1.147118330001831
1.1286365985870361
2.4962196350097656
3.3138768672943115
2.811182975769043
2.1773838996887207
1.6578083038330078
1.849649429321289
1.2924339771270752
1.282249927520752
0.9037217497825623
0.9093288779258728
0.9602918028831482
0.9279698729515076
1.4384031295776367
1.6701552867889404
0.7679955363273621
1.5628323554992676
0.5475529432296753
0.5200520753860474
0.6534479260444641
0.9803993701934814
0.8460296988487244
1.9850194454193115
2.458113670349121
1.718945026397705
1.3670105934143066
2.0891528129577637
2.3670175075531006
2.4037015438079834
2.5081756114959717
1.535015344619751
1.9660680294036865
2.416900634765625
1.8605396747589111
1.1376872062683105
1.51814603805542
1.2896454334259033
1.443481683731079
1.4848105907440186
1.4034826755523682
0.8778757452964783
1.152862548828125
0.9463638067245483
0.8505577445030212
1.145880937576294
0.9877237677574158
1.0195560455322266
0.5771951675415039
0.9672858715057373
0.9560661315917969
2.2435760498046875
3.4519734382629395
2.982217788696289
2.043990135192871
3.412684917449951
1.421600103378296
1.4676704406738281
2.1143791675567627
1.9832704067230225
2.810628652572632
1.7711057662963867
3.400616407394409
3.3535962104797363
3.300851583480835
3.4460010528564453
2.6974146366119385
1.1911675930023193
1.4342355728149414
1.4659888744354248
1.2088756561279297
1.1977851390838623
1.4857923984527588
1.0608224868774414
1.3375232219696045
0.9804216623306274
1.4498882293701172
1.9241268634796143
0.4323422908782959
0.46195197105407715
0.876379668712616
0.9719488620758057
1.6746032238006592
1.8300714492797852
1.1476614475250244
1.2765564918518066
0.9865100979804993
1.3844568729400635
3.1662583351135254
1.9506280422210693
0.7633184790611267
1.2055022716522217
1.2394657135009766
1.2521934509277344
1.3366680145263672
1.4217965602874756
1.7412769794464111
1.9840137958526611
1.4104418754577637
2.0101938247680664
2.170217990875244
1.23390793800354
1.041731595993042
1.7030885219573975
3.099064350128174
2.613616704940796
0.9936394095420837
1.3600201606750488
0.5318800806999207
0.6109119057655334
3.786705493927002
3.6203296184539795
2.5334227085113525
2.1797268390655518
2.248800039291382
2.8432414531707764
3.394993782043457
2.9820990562438965
2.0141749382019043
2.0524308681488037
1.419257640838623
2.2916364669799805
1.8628365993499756
3.07790470123291
2.7598061561584473
2.461939811706543
2.480583429336548
2.3223280906677246
2.321878433227539
2.7502176761627197
2.7332258224487305
2.730809450149536
2.0620388984680176
2.8886446952819824
2.3960413932800293
2.033576011657715
2.024209499359131
1.9013969898223877
0.44764384627342224
0.7966635823249817
3.4732184410095215
2.3623828887939453
1.628492832183838
2.190913677215576
1.5565664768218994
2.1059494018554688
2.038839817047119
1.304980993270874
1.6162102222442627
1.5682919025421143
1.7019081115722656
2.0264904499053955
1.8657734394073486
2.2629787921905518
1.76204514503479
1.2830655574798584
2.570359945297241
2.673530101776123
2.667051315307617
2.284233808517456
1.9152939319610596
1.3200836181640625
0.9736167192459106
2.1949894428253174
1.2351272106170654
1.2722578048706055
1.5605461597442627
1.1424946784973145
0.43013688921928406
0.5222423672676086
0.9244159460067749
0.5958811640739441
1.0089290142059326
1.019754409790039
1.2194640636444092
0.8840667605400085
0.6361851096153259
0.7201641201972961
0.6699274778366089
0.6969659924507141
0.5194011330604553
0.5827953219413757
0.5525761246681213
0.6008623242378235
0.9205503463745117
0.6759268641471863
0.6801156997680664
0.7144601345062256
0.6986446976661682
2.627692222595215
2.7989044189453125
3.362968921661377
2.64701771736145
3.0397982597351074
3.5388987064361572
1.5679261684417725
3.071692705154419
2.242342472076416
2.3657166957855225
2.378286838531494
2.2396249771118164
2.570732831954956
3.0254979133605957
2.4644358158111572
2.8613169193267822
2.459392547607422
1.409515380859375
1.521528959274292
1.6700859069824219
2.099277973175049
2.202592134475708
2.4742190837860107
2.6606552600860596
1.7985036373138428
2.939126968383789
3.1698460578918457
2.5725669860839844
3.1706693172454834
2.5194361209869385
2.657323122024536
2.203528881072998
2.304964542388916
2.4386062622070312
2.1277871131896973
2.5587759017944336
2.4384424686431885
2.1962432861328125
1.9381604194641113
2.3732025623321533
2.235619068145752
2.3631372451782227
2.0664494037628174
2.3471474647521973
2.1799707412719727
2.160428524017334
1.4047842025756836
1.856431484222412
1.6058740615844727
1.631852388381958
1.1612434387207031
2.061671495437622
1.862051248550415
2.070260524749756
1.5158703327178955
2.0933938026428223
2.263857126235962
2.2827343940734863
0.49222323298454285
0.9339304566383362
3.5550174713134766
2.471496820449829
3.472304344177246
3.350109100341797
2.781132221221924
1.4011986255645752
1.7576830387115479
1.8425631523132324
1.1887316703796387
2.622147560119629
2.5133700370788574
2.297029972076416
2.769378900527954
2.168593168258667
2.1572322845458984
2.026146173477173
1.378706932067871
2.7657089233398438
2.0468504428863525
2.0271856784820557
3.170360565185547
3.441990613937378
3.016415596008301
2.6982851028442383
3.1175484657287598
3.038330078125
2.329738140106201
2.5905263423919678
0.7903122305870056
0.9263091683387756
3.8729701042175293
3.895231008529663
3.620504856109619
3.386390209197998
3.239877223968506
3.191270589828491
3.1174426078796387
3.0797035694122314
2.665524482727051
3.286860466003418
2.7137279510498047
2.614069938659668
2.6387901306152344
2.4672462940216064
2.8526904582977295
2.851407527923584
1.7779037952423096
3.262032985687256
3.274631977081299
2.660933017730713
2.662858247756958
2.9958815574645996
2.7902064323425293
2.5860822200775146
2.9358627796173096
3.10623836517334
1.1855978965759277
1.0003328323364258
0.7105770111083984
0.8085340857505798
2.108341693878174
2.4835596084594727
2.9978127479553223
2.6289427280426025
2.2279627323150635
2.026278495788574
1.8960020542144775
2.5307023525238037
3.247018814086914
2.7519402503967285
2.8758437633514404
2.8004462718963623
2.1932482719421387
2.449810266494751
3.253312349319458
2.119847297668457
2.5774002075195312
2.4491820335388184
2.0193185806274414
1.845625638961792
1.389936923980713
2.427968978881836
2.4726028442382812
2.6036791801452637
2.2318358421325684
2.2618682384490967
2.998619318008423
1.3223271369934082
0.4290011525154114
0.41765159368515015
0.6603994369506836
0.8971496820449829
2.246518135070801
3.576969623565674
3.178682327270508
2.5801289081573486
2.549811840057373
1.6348426342010498
3.1584272384643555
3.075895309448242
3.449861526489258
3.4898507595062256
2.1210873126983643
2.6834053993225098
1.6884002685546875
2.7142810821533203
2.5022566318511963
2.7859437465667725
3.206038475036621
2.2863709926605225
2.73354172706604
2.289618492126465
1.5435307025909424
3.343296527862549
3.0461068153381348
2.426928997039795
2.371263027191162
2.945413112640381
0.5752630829811096
1.0984444618225098
1.2117199897766113
1.1017348766326904
1.3122472763061523
1.568568468093872
1.2780499458312988
1.8205680847167969
2.9169859886169434
2.1397149562835693
2.6762895584106445
1.5173041820526123
0.9497765302658081
1.2306690216064453
1.7466237545013428
1.507455825805664
1.977776050567627
2.2742815017700195
1.1254968643188477
2.143846273422241
2.0254464149475098
1.3359463214874268
2.3161768913269043
2.4347946643829346
2.850856304168701
2.3614423274993896
2.1250460147857666
2.283740997314453
1.5471932888031006
2.1784026622772217
0.6413111090660095
1.3328313827514648
1.140442132949829
1.571953535079956
1.239638328552246
1.9576082229614258
1.2022197246551514
1.5323946475982666
0.9682780504226685
1.2985780239105225
1.2620975971221924
1.718374490737915
1.247164249420166
0.9801378846168518
0.7214182019233704
1.3116557598114014
0.9455018043518066
1.3335471153259277
0.9653739333152771
1.270958662033081
0.955475389957428
2.068700075149536
1.9446353912353516
1.313493251800537
1.6120448112487793
1.4721319675445557
0.9476409554481506
1.9845006465911865
1.57426118850708
1.1851229667663574
0.4420470893383026
0.5632646679878235
0.662619411945343
0.6677562594413757
1.519958734512329
1.2757866382598877
2.0872902870178223
1.6867408752441406
0.6871099472045898
1.3307247161865234
1.387507438659668
1.2379271984100342
1.6594641208648682
2.34470272064209
2.0838699340820312
2.104224443435669
1.426184892654419
3.491110324859619
2.412846803665161
2.4858388900756836
2.3119351863861084
1.7763876914978027
1.4511921405792236
1.738844394683838
1.2504661083221436
0.8885805010795593
1.3844091892242432
1.7887895107269287
2.0714306831359863
0.7552758455276489
0.5589944124221802
0.7115257382392883
0.7725365161895752
3.9848737716674805
3.093822717666626
2.5343751907348633
3.195376396179199
2.710970401763916
2.52058744430542
2.9168031215667725
3.1886868476867676
2.9579994678497314
2.43135666847229
2.2636382579803467
2.6610958576202393
2.8596904277801514
1.5950629711151123
2.332547664642334
2.272763967514038
2.640143632888794
2.282261848449707
3.135681629180908
2.3427181243896484
3.3876843452453613
2.665872097015381
2.5002593994140625
1.9556498527526855
2.5436105728149414
1.9738869667053223
1.2751758098602295
0.6713263988494873
2.0967307090759277
3.3092875480651855
2.369680404663086
2.226494550704956
3.299427032470703
3.6643502712249756
3.302901029586792
1.9607269763946533
2.1978189945220947
2.3063552379608154
2.4822561740875244
2.578373670578003
2.415400505065918
2.223965883255005
2.445479154586792
2.7222492694854736
2.3137130737304688
2.4272708892822266
2.49399733543396
2.475154399871826
2.5246191024780273
2.7683908939361572
3.1994829177856445
3.216665506362915
2.744288206100464
1.4242634773254395
1.1971142292022705
0.9754299521446228
1.6103222370147705
0.40281999111175537
0.5754258036613464
0.7185262441635132
3.684495449066162
3.350860595703125
2.2191638946533203
2.323566436767578
2.403486490249634
3.8323001861572266
3.502530574798584
2.6641290187835693
2.664299964904785
1.030719518661499
1.2288527488708496
1.1008625030517578
1.790327548980713
1.9713490009307861
2.0286035537719727
3.055509328842163
2.8676693439483643
2.4142680168151855
2.2251687049865723
2.3548583984375
2.437924861907959
2.810485363006592
2.419431686401367
3.4846410751342773
3.397404670715332
2.539505958557129
2.959714412689209
0.667656421661377
2.650167465209961
3.600785493850708
3.524582862854004
3.0131285190582275
1.2885148525238037
2.5336899757385254
3.1047868728637695
2.3049120903015137
3.5699150562286377
2.918365240097046
3.021505355834961
3.168736219406128
1.921736240386963
1.668288230895996
1.6198556423187256
1.9697375297546387
1.1305615901947021
2.0223031044006348
3.5833237171173096
3.213502883911133
3.0935003757476807
2.889265775680542
2.0352327823638916
1.9379332065582275
2.0056324005126953
2.232224464416504
1.7198798656463623
1.5339887142181396
2.3861896991729736
0.5848535895347595
0.5541682243347168
0.6600423455238342
0.8521344065666199
0.9478086829185486
1.533905267715454
1.6142468452453613
1.689831018447876
2.197920322418213
2.383368492126465
2.3437609672546387
2.4183106422424316
2.5899853706359863
3.171653985977173
3.3904900550842285
3.440664768218994
3.042900800704956
2.6092541217803955
2.0796780586242676
2.0048329830169678
2.285736322402954
2.1486761569976807
2.0374128818511963
2.5557310581207275
2.590003252029419
2.261631965637207
1.8084828853607178
1.4206924438476562
1.7214744091033936
3.414318323135376
0.6336588263511658
0.6245951056480408
1.5070805549621582
1.1403424739837646
1.628929853439331
1.0704498291015625
2.262401580810547
3.1705355644226074
0.9572263360023499
0.9550174474716187
1.3999559879302979
0.9305052161216736
1.6600196361541748
0.8097521662712097
0.6871744990348816
0.6989443898200989
1.2965314388275146
3.3184499740600586
1.8958852291107178
1.741553544998169
2.638543128967285
1.8723254203796387
1.5745303630828857
2.1133856773376465
1.7568480968475342
1.4577817916870117
2.217097282409668
1.9740188121795654
1.359644889831543
1.527639627456665
1.0915367603302002
1.5441200733184814
1.1332199573516846
1.4938371181488037
1.7530312538146973
0.992017924785614
0.7720814347267151
1.9657776355743408
3.245835304260254
3.4166221618652344
3.6046142578125
1.034074068069458
2.926204204559326
2.3347926139831543
2.5107831954956055
1.40203857421875
2.477768659591675
0.588685929775238
0.7488321661949158
1.547492265701294
2.7057528495788574
1.911020040512085
2.834347724914551
2.738091468811035
2.4227797985076904
1.9802098274230957
1.257918119430542
1.2819805145263672
1.2886788845062256
1.460465669631958
1.4733269214630127
0.9059221148490906
1.6515681743621826
1.2983136177062988
1.706143856048584
1.3873298168182373
2.211695432662964
1.3154051303863525
1.890429973602295
0.9987568259239197
2.8283586502075195
3.32310152053833
1.9839489459991455
1.5015368461608887
1.3391363620758057
1.3262205123901367
1.310072660446167
0.404232919216156
0.6522809863090515
2.259434700012207
3.168226957321167
2.824145793914795
2.196392774581909
1.6007442474365234
1.0627610683441162
3.2017621994018555
3.768094539642334
3.544969081878662
3.224699020385742
2.322983741760254
1.2634732723236084
1.1844873428344727
1.3210270404815674
1.1625475883483887
1.016855239868164
1.4380970001220703
1.276320219039917
1.893017053604126
1.969496250152588
2.1758246421813965
1.5808098316192627
1.5245261192321777
1.6275179386138916
1.7839806079864502
1.7600083351135254
2.4456565380096436
1.6962618827819824
2.5473804473876953
1.3148596286773682
1.0338351726531982
3.534846782684326
3.4622626304626465
2.6426408290863037
3.118051767349243
2.486084222793579
1.785818099975586
2.8642876148223877
3.2040462493896484
3.3743362426757812
2.4954745769500732
1.968634843826294
2.4145877361297607
1.2529821395874023
1.2702915668487549
0.8712436556816101
0.99697345495224
1.1880383491516113
1.3092966079711914
1.5683274269104004
0.4422024190425873
0.47590309381484985
0.5562454462051392
0.7471131086349487
0.9119359254837036
1.2563490867614746
2.0296764373779297
2.475414752960205
0.7971795201301575
3.0421719551086426
1.27437424659729
2.4176626205444336
1.105654001235962
1.0256445407867432
1.2449872493743896
2.595201015472412
3.3050894737243652
1.4022190570831299
1.4036355018615723
2.285034418106079
1.6503055095672607
2.3363912105560303
1.5181105136871338
1.6532466411590576
1.714888095855713
1.0986895561218262
0.6485601663589478
0.8567529916763306
0.6240625381469727
0.38908717036247253
0.5391021370887756
0.6284006237983704
0.718845784664154
2.513293743133545
2.364772319793701
1.0719406604766846
3.2103612422943115
1.2747266292572021
1.653341293334961
1.215012550354004
1.8673770427703857
2.439676284790039
2.4746482372283936
1.4825403690338135
1.4649097919464111
0.8385710716247559
1.1896848678588867
1.145401954650879
1.5439350605010986
1.0002968311309814
1.2542829513549805
1.6551940441131592
1.2628893852233887
1.8640780448913574
1.5731616020202637
1.7760281562805176
2.1169118881225586
1.8331060409545898
1.9745514392852783
2.2515547275543213
0.5906373858451843
0.6238735914230347
0.4881294369697571
3.3035874366760254
3.5540270805358887
2.7090532779693604
2.9409821033477783
2.0540151596069336
1.1869561672210693
2.95704984664917
1.8531622886657715
2.1961255073547363
2.2007429599761963
2.045750379562378
1.6940419673919678
1.2198984622955322
1.2445893287658691
2.2277448177337646
1.3107006549835205
1.1131901741027832
1.2258028984069824
1.200784683227539
1.710798740386963
1.7477858066558838
1.8281052112579346
1.5179362297058105
1.0444233417510986
1.2675271034240723
0.7583056092262268
0.583646833896637
0.6181045174598694
0.5586423277854919
3.750908374786377
3.7691712379455566
3.5126571655273438
1.4809653759002686
1.2902650833129883
2.963744640350342
3.4972009658813477
3.7362558841705322
3.465765953063965
2.4315736293792725
1.7512671947479248
0.7971635460853577
1.1427245140075684
1.361229419708252
1.8041565418243408
1.9043421745300293
2.9337995052337646
1.4995830059051514
2.4757015705108643
1.2759084701538086
2.165296792984009
1.406867265701294
2.334625244140625
1.7546977996826172
1.7691397666931152
1.7295727729797363
1.896315336227417
2.1250710487365723
0.6446232199668884
0.7476463913917542
0.7075657248497009
2.7526848316192627
4.048626899719238
3.5151560306549072
3.0421109199523926
3.302898406982422
3.3475537300109863
3.64210844039917
2.998917818069458
2.918644666671753
2.988088607788086
1.9315030574798584
2.215877056121826
2.273700714111328
2.6269919872283936
2.782504081726074
2.3051514625549316
2.1621882915496826
2.5488815307617188
2.4466733932495117
2.2511556148529053
3.0003137588500977
3.5566399097442627
3.573627471923828
3.4098846912384033
3.539165496826172
3.456258773803711
3.2215442657470703
0.7125895023345947
2.0488650798797607
2.229494571685791
3.3948371410369873
2.698662042617798
1.6193673610687256
0.9037243127822876
0.9533457159996033
2.132852077484131
1.838416337966919
1.2749288082122803
0.9157805442810059
1.5082497596740723
1.672987461090088
1.3515291213989258
1.600292444229126
2.214081048965454
1.6851530075073242
1.1273200511932373
1.712996482849121
1.9674272537231445
1.9972286224365234
2.388401985168457
3.0023999214172363
3.095759868621826
2.7964158058166504
2.5284016132354736
2.4008798599243164
2.619093894958496
2.601085662841797
0.4511798322200775
0.5776918530464172
0.7471490502357483
3.788658857345581
4.000061511993408
2.785983085632324
3.353736400604248
3.5216002464294434
3.7650694847106934
3.3656516075134277
3.3018317222595215
2.746074914932251
2.6507883071899414
2.699139356613159
2.9112308025360107
2.5507493019104004
2.159254789352417
2.152323007583618
2.9542460441589355
2.6788434982299805
2.360434055328369
2.337164878845215
3.117997646331787
2.962050437927246
3.449057102203369
3.0827598571777344
3.084233522415161
3.558884620666504
3.5984559059143066
3.218550205230713
0.6346094608306885
2.506889820098877
1.9824137687683105
3.0394492149353027
2.6748151779174805
2.6411795616149902
1.9279727935791016
2.4512925148010254
2.277817964553833
2.9570555686950684
3.568390130996704
3.1280603408813477
2.760873794555664
1.487680196762085
1.4326796531677246
2.8425116539001465
1.1622211933135986
2.3860368728637695
1.762150764465332
2.330972671508789
1.9177348613739014
2.3894195556640625
1.5678608417510986
2.778815746307373
2.1518490314483643
2.4589977264404297
2.281195640563965
2.425039052963257
1.855806827545166
2.3518340587615967
0.5144000053405762
0.49542081356048584
3.0645148754119873
3.4942471981048584
2.8495490550994873
1.2194297313690186
2.1398978233337402
1.0884919166564941
1.684856653213501
1.941819429397583
2.888974189758301
2.3266777992248535
2.3713815212249756
1.4699304103851318
2.2167179584503174
2.059386968612671
2.3932011127471924
2.041750907897949
2.528297185897827
0.9937560558319092
2.2777349948883057
1.9899659156799316
2.487974166870117
2.218783140182495
2.506490468978882
1.994182825088501
2.129422426223755
2.122473955154419
1.789919137954712
1.0548853874206543
0.7547932267189026
1.0894513130187988
3.6922128200531006
2.02767276763916
2.540428638458252
2.3348400592803955
2.6551523208618164
3.521411418914795
3.0575780868530273
2.407588481903076
1.8294658660888672
2.374741554260254
2.4024014472961426
3.0583927631378174
2.3394644260406494
2.2418622970581055
2.292905330657959
2.102313280105591
1.8979008197784424
1.3934485912322998
1.7955138683319092
1.9723758697509766
2.2199909687042236
2.153010129928589
2.0676558017730713
1.883514404296875
1.1851160526275635
1.4885962009429932
1.2713725566864014
0.9105355143547058
0.5605131387710571
0.4346347749233246
1.0513417720794678
2.5756304264068604
3.5893964767456055
3.7698304653167725
1.3429343700408936
2.7248928546905518
2.2055797576904297
2.5641250610351562
1.4352097511291504
2.2059457302093506
2.4004969596862793
2.8544442653656006
2.256838798522949
2.3965344429016113
2.190382480621338
1.965282678604126
1.188030481338501
2.2974541187286377
1.794835090637207
2.62330961227417
2.9983575344085693
2.68424129486084
2.773329019546509
2.4558005332946777
2.454326868057251
1.1490459442138672
1.0066123008728027
0.7306905388832092
0.39523831009864807
0.5057464838027954
0.5197483897209167
0.6894320845603943
0.8985952138900757
2.7780532836914062
2.107316732406616
2.122035026550293
2.1937344074249268
0.9098051190376282
1.6561179161071777
2.0926666259765625
1.4882621765136719
1.6769349575042725
2.049985647201538
2.9352974891662598
2.5492494106292725
2.4035677909851074
1.5625519752502441
1.172480821609497
1.1665756702423096
1.138530969619751
1.5237507820129395
1.7725121974945068
1.1363158226013184
0.7072105407714844
0.6244891881942749
0.779772162437439
1.2586867809295654
0.764943540096283
1.7747716903686523
0.784600555896759
0.8640012741088867
1.144685983657837
2.2141642570495605
1.9010899066925049
2.778325319290161
2.46107816696167
3.2770824432373047
2.3932619094848633
2.5801382064819336
3.2452340126037598
3.0265984535217285
1.6651389598846436
3.0064897537231445
3.432468891143799
2.8844170570373535
2.696096658706665
3.4044442176818848
2.847248077392578
2.6582393646240234
1.726254940032959
2.781369209289551
2.381052017211914
2.4780516624450684
1.7862505912780762
3.2384767532348633
3.439035415649414
3.281298875808716
2.1558568477630615
3.0238687992095947
2.430265188217163
3.3742170333862305
3.355557918548584
3.2358415126800537
2.551802635192871
2.4485673904418945
1.8167765140533447
2.173004150390625
2.4697492122650146
2.5880250930786133
2.4236745834350586
2.4750542640686035
2.3990962505340576
2.794226884841919
3.2413458824157715
3.40647029876709
1.9703466892242432
2.3827457427978516
3.2432022094726562
3.117170572280884
2.887714385986328
2.9320733547210693
2.568678140640259
2.3048174381256104
2.2753536701202393
2.259644031524658
2.6874501705169678
3.3434934616088867
2.863518238067627
0.8095472455024719
0.9560267925262451
2.7937042713165283
2.77872896194458
3.3142175674438477
3.4024155139923096
3.4117817878723145
3.44246244430542
3.1547608375549316
2.3240039348602295
2.209139347076416
2.8693928718566895
3.460890769958496
2.93585205078125
2.2508504390716553
2.6341023445129395
2.172905921936035
3.501938819885254
3.454390048980713
2.9239349365234375
2.977695941925049
1.8068900108337402
2.6827261447906494
2.1502182483673096
2.7448787689208984
2.6094820499420166
2.1473050117492676
2.335995674133301
2.0002872943878174
2.521400213241577
0.531287431716919
0.7284235954284668
0.5194900631904602
0.7749817371368408
2.9877936840057373
3.6842164993286133
3.1396751403808594
3.4362573623657227
3.581993818283081
3.6583564281463623
1.3925504684448242
2.492086887359619
2.7293941974639893
3.1902098655700684
3.7275588512420654
3.5883824825286865
2.930204153060913
3.513516426086426
3.794661045074463
2.5990142822265625
3.4464316368103027
2.94704270362854
2.3030338287353516
2.912871837615967
3.6075475215911865
3.746080160140991
3.5964975357055664
3.8197317123413086
3.7067172527313232
2.66272234916687
0.9481062293052673
0.6667129993438721
2.731344699859619
1.2834885120391846
2.299898862838745
2.012004852294922
2.114384889602661
1.536423921585083
2.6007087230682373
2.518648147583008
1.6595728397369385
1.9784479141235352
1.7902426719665527
2.100659132003784
1.3693735599517822
1.845245599746704
1.499082088470459
1.7101304531097412
1.5422873497009277
0.9340165257453918
1.2623767852783203
1.20875883102417
1.9351131916046143
0.8303949236869812
1.5075154304504395
1.7684869766235352
1.2640576362609863
0.7847300171852112
1.1898066997528076
0.5758671164512634
0.6513627767562866
0.5779276490211487
0.6321271657943726
0.8207164406776428
0.8822625875473022
1.473496675491333
1.438361406326294
2.295072555541992
1.8092687129974365
1.8679437637329102
1.6416168212890625
2.985809087753296
3.19398832321167
2.7436747550964355
2.664994716644287
2.6354899406433105
2.673970937728882
1.894695520401001
2.0016143321990967
2.2207586765289307
2.389671802520752
2.6236369609832764
3.248751640319824
2.4041919708251953
2.26058030128479
2.235511541366577
2.896291971206665
2.074086904525757
3.700115442276001
2.23055362701416
0.4771747589111328
3.237362861633301
2.1391382217407227
2.299133539199829
2.05608868598938
2.4809722900390625
0.9731749296188354
1.0503003597259521
0.9221847653388977
0.8442698121070862
1.171243667602539
1.217041015625
1.9514977931976318
0.700059711933136
3.4701414108276367
1.9650301933288574
0.9646087884902954
0.8020709753036499
1.732126235961914
1.1463093757629395
1.6069324016571045
1.0411159992218018
0.748022735118866
0.8937348127365112
1.0648345947265625
1.0991697311401367
1.2805578708648682
0.672633707523346
1.5850753784179688
1.519312858581543
0.5194110870361328
0.6969993710517883
0.5188910961151123
0.5555056929588318
0.6374697089195251
0.6458049416542053
0.6615971922874451
0.4949412941932678
1.6628904342651367
3.0164296627044678
2.6000168323516846
2.3134355545043945
1.5808913707733154
1.292992115020752
1.5789883136749268
1.8250575065612793
1.1698462963104248
0.6281588673591614
1.7119293212890625
3.4706711769104004
2.4714436531066895
1.2744204998016357
3.059915542602539
2.3360683917999268
2.6814684867858887
2.0582220554351807
2.175097942352295
2.368222713470459
1.8165090084075928
1.3328113555908203
2.1475419998168945
1.6030879020690918
1.9690067768096924
1.287848949432373
1.958472490310669
3.0600764751434326
2.839475154876709
1.9638712406158447
2.0766732692718506
1.4180545806884766
2.4880692958831787
1.5217902660369873
2.145235538482666
1.4515764713287354
2.1679978370666504
1.2221121788024902
1.1519482135772705
0.5215228199958801
0.537472665309906
0.5952007174491882
3.1216726303100586
3.2188098430633545
3.2032365798950195
3.4532699584960938
2.4546542167663574
2.224329710006714
1.8319895267486572
3.491941452026367
3.2652664184570312
3.0225534439086914
1.1967263221740723
0.7808727622032166
1.1838438510894775
1.3278796672821045
1.2635407447814941
2.3781723976135254
2.7724437713623047
1.8161289691925049
1.265620231628418
2.8767077922821045
1.5997123718261719
2.4883475303649902
2.921675443649292
2.612832546234131
2.9383156299591064
2.526237964630127
1.4931964874267578
0.7610936760902405
0.7964339852333069
0.934120774269104
1.1173958778381348
3.234299659729004
2.6689672470092773
1.9742166996002197
2.456594467163086
1.6967864036560059
2.049518585205078
1.5058174133300781
1.911790370941162
2.7006494998931885
2.8959810733795166
2.9754912853240967
2.5618956089019775
1.9055914878845215
2.8496546745300293
2.0831196308135986
2.4817450046539307
2.436455726623535
2.965616464614868
2.564180850982666
2.328047275543213
1.4853253364562988
2.566854476928711
1.0589981079101562
0.8887842893600464
0.9615864753723145
1.073660135269165
