0.8656253814697266
1.4249472618103027
3.037440299987793
1.5495388507843018
1.5195534229278564
1.6140260696411133
2.7540814876556396
3.4041731357574463
2.0386435985565186
1.8834686279296875
2.152061700820923
2.612464189529419
2.1273388862609863
2.066380023956299
2.99299693107605
3.1462340354919434
3.251685857772827
3.354320764541626
2.663557529449463
2.190263509750366
2.039475202560425
2.482872486114502
2.002561569213867
1.7674815654754639
1.5122265815734863
1.309873342514038
2.3420865535736084
2.4724771976470947
1.3469741344451904
2.4639976024627686
0.7444512844085693
0.9810106158256531
0.8390328884124756
1.0047156810760498
0.9270439743995667
2.685509443283081
3.0157206058502197
1.9907011985778809
1.7742900848388672
2.309899091720581
2.160356283187866
2.4956581592559814
1.9373242855072021
1.7839014530181885
2.138772487640381
2.8449063301086426
2.3206138610839844
1.5411944389343262
1.6402742862701416
1.484804391860962
1.3782706260681152
1.9349782466888428
1.5601770877838135
1.1519677639007568
1.198728084564209
1.266601324081421
1.230628490447998
1.674384355545044
1.4908287525177002
1.1469619274139404
0.9618919491767883
1.561995267868042
1.6545450687408447
2.1833083629608154
3.527660369873047
2.787663221359253
1.9077868461608887
2.7963321208953857
1.4264957904815674
1.4578921794891357
2.0009729862213135
1.4137749671936035
2.4131131172180176
2.234041929244995
2.5636680126190186
2.91524338722229
2.906527280807495
3.492241621017456
3.603956699371338
0.9923484921455383
1.484837293624878
1.6506249904632568
1.3615028858184814
0.8563012480735779
1.687915325164795
1.2009804248809814
2.446436643600464
2.687190532684326
2.0433881282806396
2.0564937591552734
0.9472349286079407
0.7111448645591736
0.9251692891120911
0.9298561811447144
1.8806352615356445
1.911060094833374
1.3763806819915771
2.1628875732421875
1.2807695865631104
1.5331332683563232
3.366213083267212
2.2162108421325684
1.1382265090942383
1.1684527397155762
1.2158267498016357
1.2279338836669922
1.5918622016906738
1.6725633144378662
1.691373348236084
2.586160659790039
1.651592493057251
2.1083908081054688
2.735304117202759
1.5272448062896729
1.3697991371154785
1.6708416938781738
2.382155179977417
1.784543752670288
0.8671867847442627
1.1797566413879395
0.9141255021095276
1.3388757705688477
3.9990427494049072
3.130009412765503
2.133073091506958
1.7081830501556396
1.9989376068115234
3.0011680126190186
3.3590195178985596
2.263094663619995
1.5288622379302979
1.4797017574310303
1.2183969020843506
2.2414910793304443
1.892629861831665
2.664536952972412
2.997157335281372
2.623412847518921
2.657170534133911
2.995922803878784
3.3056230545043945
3.110623598098755
2.7400944232940674
2.4453039169311523
2.068359136581421
2.5067975521087646
2.1108810901641846
1.8735222816467285
2.2080249786376953
1.590261459350586
0.6819564700126648
0.7807875275611877
3.517479419708252
2.0390870571136475
1.5113327503204346
2.2144975662231445
1.6790482997894287
2.000440835952759
1.7019951343536377
1.4938397407531738
1.7952165603637695
1.6523468494415283
1.6178245544433594
1.7464768886566162
1.353435754776001
1.5588760375976562
1.9092721939086914
1.2921011447906494
1.4324078559875488
2.196648120880127
2.018009901046753
1.9608550071716309
1.4832062721252441
1.3190464973449707
1.673943042755127
1.759361743927002
1.586409568786621
1.5150456428527832
1.6953182220458984
1.573087453842163
0.6629360914230347
0.8196005821228027
1.0528736114501953
0.847539484500885
1.264394760131836
1.3184916973114014
1.5797786712646484
1.5293128490447998
1.2811894416809082
0.931443989276886
1.0256588459014893
1.1348843574523926
1.1675293445587158
1.0588774681091309
0.9216622114181519
1.0593852996826172
1.2329065799713135
1.2355682849884033
0.9730156660079956
1.394174337387085
1.2854690551757812
2.5392892360687256
2.0975406169891357
3.076469659805298
2.850992441177368
2.3206703662872314
3.0015909671783447
1.0918850898742676
2.5798747539520264
1.8331449031829834
2.025698184967041
1.8351690769195557
1.9359986782073975
2.8816165924072266
2.340270519256592
2.0992941856384277
2.220245599746704
2.2480428218841553
1.9240477085113525
2.1941802501678467
1.9908459186553955
2.7750351428985596
2.7841315269470215
2.9299888610839844
2.69091796875
2.2859532833099365
2.9552206993103027
2.717402696609497
2.56620192527771
3.00774884223938
2.3833425045013428
2.3003365993499756
2.1791839599609375
1.9140241146087646
2.1398677825927734
1.6671888828277588
1.9504940509796143
2.026360273361206
1.996180534362793
1.6504039764404297
2.09479022026062
2.0524609088897705
2.1363279819488525
2.1160755157470703
2.8141672611236572
2.5034735202789307
2.4302003383636475
1.90324068069458
2.3266074657440186
2.083427667617798
1.9974474906921387
1.30497145652771
2.956097364425659
2.2730817794799805
2.59480619430542
2.078897714614868
2.0666749477386475
2.137042760848999
2.916782855987549
0.6963118314743042
1.0067410469055176
3.0031373500823975
1.7471237182617188
2.740443229675293
2.8838701248168945
2.285120964050293
1.1523053646087646
1.619002103805542
1.7521791458129883
0.9431827664375305
1.653113603591919
1.4869897365570068
1.5341975688934326
2.6352527141571045
2.1046812534332275
2.1263437271118164
1.8621950149536133
0.9678929448127747
2.066035509109497
1.6827001571655273
1.2567098140716553
3.1085708141326904
3.1305668354034424
2.6610944271087646
2.334238052368164
2.8185341358184814
2.9268112182617188
1.7842152118682861
2.369997024536133
0.899168848991394
1.1543643474578857
3.3339242935180664
3.600308656692505
3.112169027328491
2.4782745838165283
2.18156099319458
2.3765461444854736
2.1100523471832275
1.832338571548462
1.6750352382659912
3.251128911972046
2.4539473056793213
2.2085046768188477
2.2141125202178955
2.279109239578247
2.340824842453003
1.935377597808838
1.63968825340271
2.702646493911743
2.890915870666504
2.151474714279175
2.02341890335083
2.969621419906616
2.0698323249816895
2.322626829147339
2.279609203338623
2.4238436222076416
1.71769118309021
1.7904822826385498
0.8026120066642761
0.9338313341140747
1.5121607780456543
2.503769636154175
2.7375380992889404
2.1651883125305176
1.8144733905792236
1.6828083992004395
1.700110673904419
1.9681789875030518
3.1952455043792725
2.4873783588409424
2.1285693645477295
2.1574525833129883
3.021195650100708
1.918733835220337
2.4877371788024902
1.854203224182129
2.1877424716949463
2.103468894958496
2.2639319896698
2.2608039379119873
1.877725601196289
2.539745807647705
2.200571060180664
1.5869970321655273
1.354515790939331
2.9147863388061523
3.190155267715454
1.9044525623321533
1.1481552124023438
1.3963282108306885
1.3324615955352783
1.4977126121520996
2.109908103942871
3.1980035305023193
2.5317115783691406
1.9883885383605957
2.021552324295044
1.30186128616333
2.9164621829986572
2.799318552017212
2.7217934131622314
2.7736473083496094
1.3855376243591309
1.9009358882904053
1.645986795425415
2.354600667953491
1.8876941204071045
2.213646173477173
2.5951414108276367
2.3998095989227295
1.9391047954559326
1.7233645915985107
1.2326805591583252
3.4921250343322754
2.446451425552368
2.05914306640625
2.1359848976135254
2.2463443279266357
0.8543713092803955
2.433927536010742
2.2380332946777344
2.6030638217926025
1.9197826385498047
1.4729888439178467
1.5184884071350098
2.032665491104126
3.3045809268951416
2.3529443740844727
2.4277265071868896
1.67777419090271
0.8700650930404663
1.0146915912628174
1.5012264251708984
1.4244821071624756
1.3614795207977295
1.592061996459961
1.0624487400054932
1.8510408401489258
2.224153995513916
1.4944593906402588
1.9501409530639648
1.927701473236084
2.451781988143921
1.7246170043945312
1.6446099281311035
1.7243704795837402
1.3230712413787842
1.7662267684936523
0.8593599200248718
1.7812671661376953
1.1656413078308105
1.7877631187438965
1.2820243835449219
2.5656282901763916
1.498631477355957
2.22406268119812
1.1201040744781494
2.2138702869415283
1.4947419166564941
1.4776332378387451
1.563112735748291
1.2924420833587646
1.2698965072631836
1.4646189212799072
1.1417653560638428
1.9393434524536133
1.2281038761138916
1.4884285926818848
1.090118646621704
2.410334348678589
1.8620409965515137
1.409257411956787
1.6897435188293457
1.472095251083374
1.1258888244628906
1.9632179737091064
1.4684147834777832
1.2454907894134521
0.8037076592445374
0.8717495203018188
1.244661808013916
0.9733646512031555
1.8168308734893799
1.7246732711791992
1.8567678928375244
1.5984833240509033
0.845181941986084
1.5171527862548828
1.7503175735473633
1.6388347148895264
1.7571804523468018
1.7437658309936523
1.7602148056030273
1.985943078994751
1.5249202251434326
2.9028308391571045
1.5200583934783936
2.2056849002838135
2.386780261993408
2.1419477462768555
1.753974437713623
1.509505033493042
1.4522154331207275
2.058347702026367
1.7670495510101318
1.725987434387207
1.6867547035217285
1.6494944095611572
1.0727944374084473
0.9095094203948975
0.8836659789085388
3.8736681938171387
2.267005443572998
2.011955499649048
2.30469012260437
1.8551018238067627
2.2427821159362793
2.0331003665924072
2.267482042312622
2.9270401000976562
1.972022533416748
1.687511682510376
1.8464713096618652
2.374819755554199
1.1514837741851807
1.8685438632965088
1.776432752609253
2.2172908782958984
2.1760029792785645
2.8050763607025146
1.8069767951965332
2.3624649047851562
1.5534093379974365
1.7242310047149658
1.7620158195495605
2.6092052459716797
1.7906222343444824
1.6316914558410645
0.7482771277427673
2.5969479084014893
2.7606332302093506
2.3674802780151367
1.8743536472320557
2.9712209701538086
2.8263447284698486
3.0835888385772705
1.819638967514038
2.1332743167877197
2.2702882289886475
2.723088026046753
2.350590229034424
2.3103811740875244
2.0408225059509277
2.4149186611175537
2.570805072784424
2.348114013671875
1.7780649662017822
2.283937454223633
2.501621961593628
2.6754539012908936
2.4434702396392822
2.764777660369873
3.100310802459717
2.503422975540161
1.8138606548309326
1.5452709197998047
1.2297255992889404
1.9057791233062744
1.0293822288513184
1.3692083358764648
1.4952290058135986
3.6067745685577393
3.4407384395599365
2.4498884677886963
3.2063772678375244
2.528777837753296
3.5382542610168457
3.3720500469207764
2.9988951683044434
2.7076780796051025
1.3808412551879883
1.46339750289917
1.5617237091064453
1.9099674224853516
2.886735200881958
2.2919294834136963
3.0483713150024414
2.623824119567871
2.005709409713745
1.9858806133270264
2.7141804695129395
2.163093328475952
2.6359517574310303
2.335460901260376
2.9638121128082275
1.9624390602111816
2.1538805961608887
3.04479718208313
1.049846887588501
2.7021689414978027
3.8596436977386475
3.664522409439087
2.9447615146636963
1.2592072486877441
3.4784624576568604
3.933133125305176
2.1913392543792725
2.66542911529541
2.204885721206665
2.5008230209350586
3.6625235080718994
2.6467273235321045
1.7608799934387207
1.5952203273773193
2.0825929641723633
1.226306676864624
1.7198660373687744
3.5480902194976807
4.360690116882324
3.8968441486358643
2.988001585006714
2.0588414669036865
2.0716283321380615
2.0146028995513916
2.203160285949707
2.384946584701538
2.5367329120635986
2.6946730613708496
0.8347883820533752
1.215928077697754
1.3068561553955078
1.3191723823547363
1.3445162773132324
1.6754217147827148
1.728177547454834
1.8634908199310303
2.8467841148376465
3.270385980606079
3.2056915760040283
2.6592838764190674
2.650609254837036
3.3088624477386475
3.3395936489105225
3.6864607334136963
3.885136842727661
3.551191568374634
2.6180009841918945
2.7871241569519043
2.5784835815429688
2.6550076007843018
2.9050538539886475
3.3113913536071777
3.245722532272339
2.5545547008514404
1.9321105480194092
1.944200038909912
2.1232476234436035
2.5083444118499756
0.6539997458457947
0.7079161405563354
1.638448715209961
1.1708025932312012
1.8739688396453857
1.1453921794891357
1.8747081756591797
3.148707151412964
2.787372589111328
1.133941888809204
2.6562094688415527
1.091076135635376
1.5717623233795166
1.0731992721557617
0.7675954699516296
1.091355323791504
1.9783685207366943
3.317685842514038
2.350966453552246
2.206922769546509
2.6356523036956787
2.0199007987976074
1.903078556060791
1.7308218479156494
1.6431310176849365
2.1131973266601562
2.9636878967285156
2.4164845943450928
1.3398878574371338
1.55570650100708
1.0942001342773438
1.5619993209838867
1.0447194576263428
1.3263740539550781
1.1631863117218018
0.9738511443138123
1.0967047214508057
1.7156004905700684
3.403472423553467
3.04057240486145
3.937262773513794
1.2872111797332764
3.878056764602661
3.1469032764434814
2.7462668418884277
1.3929543495178223
2.1560585498809814
0.7576749324798584
0.7786625623703003
1.3903639316558838
3.112053871154785
1.6029558181762695
2.788496255874634
3.226459503173828
2.691009283065796
1.8118672370910645
1.3704395294189453
1.1420130729675293
1.0826139450073242
1.6561789512634277
1.4117131233215332
0.8572940230369568
1.817307949066162
1.3314969539642334
1.8545267581939697
1.8956494331359863
1.8977959156036377
1.0337657928466797
2.302790641784668
1.094069242477417
2.6430652141571045
3.52663254737854
1.6693809032440186
1.986297845840454
1.2604334354400635
1.685208797454834
1.5738394260406494
1.2137041091918945
0.8926609754562378
2.0651986598968506
3.482884407043457
3.050750970840454
2.2453513145446777
2.3690574169158936
1.7454288005828857
3.4517605304718018
4.030851364135742
3.444667100906372
3.8046715259552
2.5995166301727295
1.9368305206298828
1.6066513061523438
1.8520042896270752
1.9491233825683594
1.037755012512207
2.292372941970825
2.1110572814941406
3.3643240928649902
3.0323431491851807
2.793813467025757
2.0885777473449707
1.7614412307739258
2.1756649017333984
1.947643756866455
2.6190147399902344
3.1228983402252197
2.2608232498168945
1.8429620265960693
0.8144432902336121
1.051645278930664
3.1390268802642822
3.1567020416259766
2.2796037197113037
3.280364513397217
2.514566659927368
1.5973765850067139
3.0167527198791504
3.6051576137542725
2.1770732402801514
2.09916615486145
1.5908966064453125
1.787862777709961
1.3473665714263916
1.3577632904052734
1.006155252456665
1.272172451019287
1.3289618492126465
1.6070489883422852
1.7711596488952637
0.958288848400116
1.1379663944244385
1.4508767127990723
1.0181019306182861
1.0755584239959717
1.4480421543121338
2.4668209552764893
2.2783706188201904
0.9741207957267761
3.1801061630249023
1.1918396949768066
1.6842336654663086
1.4881904125213623
1.1505300998687744
1.849534273147583
2.7147023677825928
2.50016188621521
1.6066608428955078
1.7590620517730713
2.3417928218841553
2.271399974822998
2.646522045135498
1.7178447246551514
1.464038610458374
1.5228252410888672
1.5240607261657715
1.1238617897033691
1.634577751159668
1.2316603660583496
1.0571680068969727
1.139538288116455
0.90391606092453
1.0018141269683838
3.687946081161499
3.1346893310546875
1.0520133972167969
3.4014174938201904
1.3001177310943604
1.5241601467132568
1.561037302017212
1.5638716220855713
1.908428430557251
2.440772294998169
2.702418565750122
2.0125930309295654
1.5524768829345703
2.1909830570220947
1.6178386211395264
2.1961159706115723
1.3066155910491943
1.2065908908843994
1.66684889793396
2.2666094303131104
1.9790611267089844
2.077368974685669
1.6278924942016602
2.1964361667633057
2.21882700920105
2.2125301361083984
1.8040642738342285
0.8026120066642761
0.9093842506408691
0.7849857807159424
3.1069295406341553
3.6213557720184326
2.3906500339508057
2.4119434356689453
2.82666015625
1.112739086151123
3.810898542404175
1.8892467021942139
1.959141731262207
1.7680487632751465
1.8579261302947998
2.1286261081695557
2.0083022117614746
1.4643831253051758
1.9604270458221436
1.593867301940918
1.5621213912963867
1.454714059829712
1.4174351692199707
1.5090417861938477
1.714585542678833
1.757819414138794
1.7194945812225342
1.3796310424804688
2.011833667755127
1.5898358821868896
1.0724890232086182
1.5402641296386719
1.1254453659057617
3.5087313652038574
3.800361394882202
3.0463907718658447
1.319265604019165
1.720432996749878
3.1372358798980713
3.022015333175659
3.045745611190796
2.6774590015411377
1.9552810192108154
1.6900713443756104
1.1247889995574951
1.2317698001861572
1.372328281402588
1.8965048789978027
2.4417548179626465
2.728131055831909
1.2627780437469482
2.118195056915283
1.3550257682800293
2.3194103240966797
1.359893798828125
2.165048837661743
1.5077106952667236
2.1252079010009766
1.893930435180664
1.7875423431396484
2.384547472000122
0.858589231967926
0.8697952628135681
0.9108228087425232
3.044288396835327
3.6579999923706055
3.2917897701263428
2.8825395107269287
2.870068311691284
2.5110583305358887
2.9767062664031982
2.617465019226074
3.285369634628296
2.966874837875366
2.0899999141693115
1.9826350212097168
1.9470386505126953
2.3835389614105225
2.5641930103302
2.3192226886749268
2.392575979232788
2.5489718914031982
2.3321526050567627
2.187748432159424
2.3718597888946533
3.0650036334991455
2.994817018508911
3.1698906421661377
3.413036823272705
3.0084567070007324
2.8615524768829346
0.8179667592048645
2.6706345081329346
2.3279869556427
3.0987305641174316
2.331308603286743
1.8322103023529053
0.9671696424484253
0.7992652654647827
2.603644609451294
1.814985990524292
1.0132873058319092
1.1322803497314453
1.9316625595092773
1.9583783149719238
1.9476113319396973
1.9573419094085693
2.562607765197754
1.6345975399017334
1.2087316513061523
2.0446560382843018
2.895822286605835
2.2646021842956543
2.583275079727173
2.692873239517212
2.56146240234375
2.4025447368621826
1.7074713706970215
1.9410319328308105
2.198134660720825
2.2834694385528564
0.7569043040275574
0.9767552018165588
1.0822246074676514
3.6475870609283447
3.191892147064209
2.1798973083496094
2.3515195846557617
2.9589555263519287
2.7893757820129395
3.104395627975464
3.1342403888702393
2.270984649658203
2.45259952545166
2.1565351486206055
2.534877300262451
1.885026454925537
1.7645049095153809
1.515763282775879
1.9845175743103027
2.165433168411255
1.997175931930542
2.2360711097717285
2.3527445793151855
2.1405282020568848
2.2708053588867188
2.03639817237854
1.8049814701080322
2.163006067276001
2.883509397506714
2.0487287044525146
0.7121492624282837
1.7008891105651855
1.4202508926391602
1.976231336593628
1.8024122714996338
1.7503166198730469
1.5096895694732666
1.871025562286377
1.8917055130004883
2.210716962814331
2.755110263824463
2.0493204593658447
2.098468542098999
0.9300488829612732
1.28946852684021
1.8795170783996582
0.969948410987854
2.255758285522461
1.3121674060821533
1.871976613998413
1.7002365589141846
1.8576533794403076
1.3456463813781738
1.7040917873382568
1.558297872543335
2.128007173538208
1.7758607864379883
1.8172144889831543
1.6042742729187012
1.7882051467895508
0.8709120750427246
1.1734740734100342
2.900080919265747
3.015944004058838
2.8003008365631104
1.0793955326080322
1.6622836589813232
0.9392917156219482
1.6417667865753174
2.1395692825317383
2.489509105682373
2.15413498878479
2.198531150817871
2.0868008136749268
2.5908420085906982
2.379128932952881
2.207064628601074
1.8539972305297852
2.2513034343719482
1.2409532070159912
3.140983819961548
2.945178508758545
2.5374979972839355
2.069685459136963
2.1483075618743896
1.8391711711883545
2.3240535259246826
2.3441450595855713
1.8696324825286865
1.46016263961792
0.9803363084793091
1.7953276634216309
3.384018898010254
1.914665699005127
1.7479681968688965
1.9163260459899902
2.2152152061462402
3.298963785171509
2.485353708267212
1.859175682067871
1.6485474109649658
1.9053802490234375
1.9671988487243652
2.8850913047790527
1.9588522911071777
2.496046781539917
2.245256185531616
2.2343859672546387
1.9174225330352783
1.735302209854126
1.6982471942901611
1.8287708759307861
1.8661315441131592
1.8875236511230469
1.8468952178955078
1.9476070404052734
1.9521265029907227
2.380906343460083
2.105767011642456
2.020514726638794
0.8594871759414673
1.057234764099121
0.9540271759033203
1.8053483963012695
2.7405502796173096
2.5021612644195557
1.1286396980285645
3.0010945796966553
2.081927537918091
2.1201114654541016
0.9763386249542236
1.7128403186798096
2.0723190307617188
2.475703001022339
1.94222092628479
2.0670526027679443
2.264437198638916
1.813276767730713
1.3743021488189697
2.035565137863159
1.4610590934753418
2.5091214179992676
2.997357130050659
2.3996999263763428
2.7496328353881836
2.3036770820617676
2.501138210296631
1.6397409439086914
1.35463285446167
1.125507116317749
1.2137022018432617
1.2341606616973877
0.9974576830863953
1.4458038806915283
1.5110795497894287
3.134857654571533
2.218179225921631
1.712996006011963
3.4450504779815674
1.6504874229431152
1.621093988418579
1.4940876960754395
1.1689879894256592
1.4766173362731934
2.302942991256714
3.215163469314575
2.8732521533966064
2.4484171867370605
1.711310625076294
1.0809504985809326
1.8961501121520996
1.7029764652252197
2.651782751083374
2.394599437713623
1.6793606281280518
1.1319921016693115
1.4747684001922607
2.409714937210083
2.8824708461761475
1.1118805408477783
2.682976007461548
1.072740077972412
1.3381335735321045
1.4319381713867188
3.120403528213501
1.8434443473815918
3.0582830905914307
2.644653558731079
3.554368257522583
2.4917898178100586
2.389587640762329
2.753204822540283
2.3821299076080322
1.6304433345794678
3.2477805614471436
3.4535562992095947
3.178100824356079
2.908071756362915
2.827434539794922
2.5083487033843994
1.991231918334961
0.994299054145813
2.1576595306396484
1.522862434387207
1.770761489868164
1.7331461906433105
3.6016182899475098
3.1294548511505127
3.3058621883392334
1.8601603507995605
3.39829683303833
2.0637667179107666
2.8888847827911377
2.302921772003174
2.2979085445404053
2.1687848567962646
2.386711835861206
1.557776689529419
1.6106045246124268
1.6180050373077393
2.4062209129333496
1.548771619796753
1.657815933227539
2.472166061401367
2.0284085273742676
2.286341428756714
2.750516176223755
1.147698163986206
1.5840816497802734
2.337968587875366
2.41047739982605
1.9164941310882568
1.8144876956939697
1.8515410423278809
2.0635509490966797
1.403679370880127
1.4816458225250244
1.86203932762146
2.915466547012329
2.2780439853668213
0.7481757998466492
0.8661566376686096
3.1468417644500732
2.4525551795959473
3.237567186355591
3.368330478668213
3.8285720348358154
3.136014461517334
2.4755237102508545
2.2869930267333984
2.742243528366089
2.8609354496002197
3.2507598400115967
2.3306431770324707
1.7872724533081055
2.256946086883545
3.47285532951355
3.7942557334899902
3.740429162979126
3.223583221435547
2.956092357635498
2.3224480152130127
3.4020016193389893
2.3857178688049316
3.1851563453674316
2.6600167751312256
2.251189947128296
3.0763614177703857
2.630270004272461
2.6729373931884766
0.8289952874183655
1.054030179977417
0.9809340834617615
1.55550217628479
2.41591215133667
3.3244199752807617
2.7595012187957764
3.359309673309326
3.2295596599578857
2.98228120803833
1.2847402095794678
1.7656395435333252
2.2897391319274902
2.4198191165924072
3.05299973487854
2.6349503993988037
2.0308594703674316
2.9861695766448975
3.6355955600738525
2.3207180500030518
2.813138961791992
2.11161732673645
1.8415048122406006
2.170494794845581
2.2632954120635986
3.4912121295928955
3.2395882606506348
3.107456922531128
2.389920473098755
1.9746062755584717
1.4408612251281738
1.3508291244506836
3.188518762588501
1.8267438411712646
2.1212902069091797
1.8893883228302002
1.8395183086395264
1.6780705451965332
1.8794877529144287
2.1674301624298096
1.278334140777588
1.4757115840911865
1.235766887664795
1.633134365081787
1.1533153057098389
1.7821476459503174
1.1489317417144775
1.607309103012085
1.3154046535491943
1.1632461547851562
1.0558147430419922
1.365741491317749
1.5112802982330322
1.2939603328704834
1.0517561435699463
1.489173173904419
1.833549976348877
1.2984423637390137
1.8948328495025635
0.8070208430290222
0.9334678053855896
1.0689940452575684
1.3126177787780762
1.1837706565856934
1.0569818019866943
1.6835346221923828
1.426865577697754
2.1952853202819824
1.894294261932373
1.6450552940368652
1.3370611667633057
2.9171090126037598
3.2798075675964355
2.6870810985565186
2.5545341968536377
2.5280845165252686
2.8563501834869385
1.9382712841033936
2.0002434253692627
1.6507799625396729
2.4795405864715576
2.5823757648468018
2.6090128421783447
2.304664134979248
2.273254632949829
2.2985501289367676
2.325256109237671
1.6258060932159424
3.35823392868042
2.2000904083251953
1.0459558963775635
3.5584299564361572
2.3894131183624268
3.565356731414795
2.62032413482666
3.2642910480499268
1.2813286781311035
1.4416625499725342
1.2576680183410645
1.1272728443145752
1.5791423320770264
1.4144079685211182
2.7049453258514404
0.8634998202323914
3.557154893875122
2.2212798595428467
1.3637332916259766
0.9936404824256897
1.7444651126861572
1.3655285835266113
1.3114898204803467
1.1340298652648926
1.0220046043395996
1.4771678447723389
1.530320405960083
1.5034778118133545
1.4330155849456787
0.9835469722747803
1.6722774505615234
1.9608550071716309
0.9062643051147461
1.1061897277832031
1.1777377128601074
1.3915393352508545
0.8788247108459473
1.1920864582061768
0.9839059114456177
0.7862851023674011
1.6409361362457275
2.834252119064331
2.9705684185028076
2.5089948177337646
1.2186803817749023
1.4789557456970215
1.6443874835968018
1.3850994110107422
0.8549337387084961
0.87497878074646
1.8185477256774902
3.200988292694092
2.19358491897583
1.2854712009429932
2.526226282119751
2.3347442150115967
2.696364164352417
2.0508975982666016
2.1435937881469727
1.8826487064361572
1.8638474941253662
1.0859456062316895
2.1283183097839355
1.29083251953125
2.6605031490325928
1.9122700691223145
2.3930203914642334
3.5445268154144287
2.768545389175415
1.646350383758545
1.9023754596710205
1.2032177448272705
2.4608800411224365
1.405235767364502
1.5993201732635498
1.0399682521820068
2.454378366470337
2.2343039512634277
1.7586050033569336
1.0755867958068848
1.048661470413208
0.855725109577179
3.834192991256714
3.201458692550659
3.1647636890411377
3.721916437149048
2.3443753719329834
1.828047275543213
1.5429420471191406
3.1614389419555664
3.9573729038238525
3.0128281116485596
1.4048409461975098
1.8646090030670166
0.9225112199783325
1.370267629623413
1.5847675800323486
1.8245649337768555
2.184112071990967
1.9847538471221924
2.0598669052124023
3.880592107772827
3.192260265350342
2.6402201652526855
3.6341588497161865
3.2946271896362305
3.112250566482544
2.4783973693847656
1.3966772556304932
1.2060604095458984
1.6543092727661133
1.9648432731628418
1.5252974033355713
3.4077999591827393
2.3431479930877686
2.0480034351348877
2.1046597957611084
1.2534353733062744
1.968346118927002
1.0973360538482666
1.6686890125274658
2.4010169506073
2.360213041305542
2.533604383468628
2.233963966369629
1.1354422569274902
2.00874924659729
1.8901982307434082
2.070305824279785
2.394155740737915
2.7620224952697754
2.2672226428985596
2.2061378955841064
1.1560420989990234
1.8005883693695068
1.256269931793213
0.9019843339920044
1.1950502395629883
2.3066232204437256
