1.0344336032867432
1.040136694908142
2.0481953620910645
1.163857102394104
1.5648761987686157
1.6684249639511108
1.930707573890686
2.066394805908203
1.8218713998794556
0.9558001756668091
0.30359768867492676
0.8227373361587524
1.3495875597000122
1.103004813194275
1.8143962621688843
2.0724658966064453
2.0380377769470215
2.0606889724731445
1.9389034509658813
1.5529388189315796
0.9697523713111877
0.7805181741714478
0.6293452382087708
0.4089837372303009
0.8299230337142944
1.0019466876983643
1.873244285583496
1.7201225757598877
1.0824298858642578
1.5407096147537231
0.6670448780059814
0.8228763937950134
0.9913865327835083
0.95210862159729
1.0017457008361816
2.078085422515869
2.016958713531494
1.950461983680725
0.9939091205596924
2.0521798133850098
1.3539406061172485
1.8031001091003418
0.5141674876213074
1.572247862815857
1.1420332193374634
2.0112667083740234
1.5095324516296387
1.326145052909851
1.4893559217453003
1.3950048685073853
1.2177094221115112
1.8753644227981567
1.4484986066818237
1.312304139137268
1.199797511100769
1.2511204481124878
1.1175291538238525
1.4390543699264526
1.405397891998291
1.15267813205719
0.7165226936340332
0.510825514793396
0.27041640877723694
0.9447634220123291
2.033609390258789
1.8084070682525635
1.9307513236999512
2.0788955688476562
1.3299908638000488
1.5000803470611572
1.3440898656845093
1.0620146989822388
0.7505005598068237
0.5161670446395874
1.5804387331008911
1.1066035032272339
1.5340183973312378
1.5974773168563843
1.9905924797058105
1.0064610242843628
0.6753483414649963
0.7608435153961182
0.6287325024604797
0.7887699604034424
0.1357521116733551
0.37613263726234436
0.18005791306495667
0.023482486605644226
0.38944271206855774
0.1943870633840561
0.9726022481918335
0.9810365438461304
1.0710407495498657
1.1396456956863403
1.6659010648727417
1.7928272485733032
1.0937124490737915
1.4045031070709229
1.1189957857131958
1.5369969606399536
2.0823254585266113
1.866808533668518
1.2344266176223755
1.265191674232483
1.3454585075378418
1.3606961965560913
1.4652906656265259
1.5264830589294434
1.557536244392395
0.580934464931488
1.1491878032684326
1.6899141073226929
1.6293903589248657
1.2170779705047607
1.1020562648773193
1.2261945009231567
1.7011522054672241
1.0125056505203247
1.0673420429229736
0.9662722945213318
1.1662814617156982
1.1096503734588623
2.090364933013916
2.0794830322265625
1.7242437601089478
1.947740912437439
1.6636632680892944
1.8902112245559692
2.0047497749328613
1.9665781259536743
1.5845097303390503
1.452689290046692
1.2660249471664429
1.7120177745819092
1.4997632503509521
1.901503086090088
0.5418900847434998
1.641178011894226
0.7322021722793579
0.5496907830238342
0.2743754982948303
0.22748547792434692
0.6881890296936035
1.502678632736206
0.5881931781768799
0.4712350368499756
0.9731594324111938
0.7123363018035889
1.029686450958252
0.8199471831321716
1.021621584892273
0.9502909183502197
2.0378031730651855
1.8026131391525269
1.2553660869598389
1.30678129196167
1.4978190660476685
1.4553874731063843
1.4157171249389648
1.370308756828308
1.2781925201416016
1.328188419342041
1.3140417337417603
1.4234330654144287
1.2423975467681885
1.4267526865005493
1.479037880897522
1.3190977573394775
1.8046337366104126
1.776371717453003
2.0040292739868164
1.685381531715393
1.1627168655395508
1.0425362586975098
0.801281750202179
1.4305864572525024
1.2076650857925415
1.130677342414856
1.3000736236572266
1.0880298614501953
0.8680985569953918
1.0600650310516357
1.0988153219223022
0.9964077472686768
1.1216416358947754
0.9110693335533142
0.9764829874038696
0.9827085733413696
1.0196515321731567
1.0860179662704468
1.0288165807724
0.8841804265975952
0.780750036239624
1.0408904552459717
1.0211527347564697
0.9958244562149048
0.8922189474105835
1.0617038011550903
1.0923734903335571
0.42352408170700073
0.48882269859313965
1.7739289999008179
1.8032033443450928
2.0475802421569824
2.051241397857666
2.006247043609619
2.0519886016845703
1.0372258424758911
0.4318241477012634
1.7002464532852173
1.4558278322219849
1.1221786737442017
0.912929356098175
2.033756732940674
1.6904470920562744
1.8401035070419312
1.5946431159973145
1.4436246156692505
0.7835434079170227
0.3208637237548828
1.0894414186477661
0.9672186374664307
0.11115647852420807
0.28460419178009033
1.4199166297912598
0.7211865782737732
0.8611232042312622
1.7398165464401245
2.0183730125427246
2.0705442428588867
1.8263200521469116
1.6375919580459595
1.708894968032837
1.500901222229004
1.6571323871612549
1.54828679561615
1.500287652015686
1.771349549293518
1.639076828956604
1.2979844808578491
1.651232361793518
1.7959567308425903
1.7793549299240112
1.8932908773422241
1.8759196996688843
1.8557355403900146
1.7435109615325928
1.2604831457138062
1.4942210912704468
1.2745660543441772
1.0931024551391602
1.1627322435379028
1.450670838356018
0.9045851230621338
1.4818371534347534
1.584144949913025
1.3762582540512085
1.690550446510315
1.874224066734314
1.0253864526748657
1.0670504570007324
2.138957977294922
1.5734139680862427
1.8002760410308838
1.9698381423950195
1.98674476146698
1.1874597072601318
1.1094812154769897
1.2582495212554932
1.0282500982284546
1.222402572631836
1.2281137704849243
1.039533257484436
1.5260387659072876
1.4866831302642822
1.4391449689865112
1.335471272468567
0.9980714917182922
1.371192216873169
1.4987419843673706
1.3324185609817505
1.72965407371521
1.9881839752197266
1.722199559211731
1.78560471534729
1.6698427200317383
1.88511323928833
0.91474449634552
0.8347458839416504
1.0077310800552368
0.8789372444152832
2.0744762420654297
2.0753402709960938
1.885206937789917
1.511256456375122
1.8735238313674927
1.7905369997024536
1.6338448524475098
1.3352025747299194
0.9793307781219482
2.062476634979248
1.6567710638046265
1.3497236967086792
0.7102622985839844
0.24173754453659058
0.555621862411499
1.2282781600952148
0.7292338013648987
1.5388411283493042
2.036982536315918
1.860785722732544
1.8621114492416382
1.9867072105407715
1.8018546104431152
1.918821930885315
0.9798952341079712
1.4672329425811768
0.19106009602546692
0.1435834765434265
0.9944193363189697
0.9567328691482544
1.4292203187942505
1.9620453119277954
2.061441421508789
2.0141444206237793
2.003119468688965
1.2454354763031006
1.4674545526504517
1.4028360843658447
2.0329151153564453
1.2978386878967285
1.7375425100326538
2.0069570541381836
1.7356148958206177
1.8716726303100586
1.9528530836105347
1.5818971395492554
1.1781672239303589
1.3325949907302856
1.9460465908050537
1.9933991432189941
1.4704763889312744
0.9199806451797485
1.5848115682601929
1.8825119733810425
1.5857548713684082
2.0428342819213867
2.0139760971069336
0.2614426016807556
0.6549021601676941
0.41789859533309937
0.5401197075843811
0.5022769570350647
0.8110209107398987
1.927528738975525
1.8849092721939087
1.1093400716781616
1.592837929725647
1.2494527101516724
2.09698486328125
2.066141128540039
1.9053386449813843
2.0815811157226562
1.2344292402267456
1.2771819829940796
0.6352782249450684
0.1297592967748642
1.2551583051681519
0.7718698382377625
1.7138752937316895
0.6206011772155762
0.836778998374939
0.5807467699050903
1.0533843040466309
1.6835131645202637
1.2697111368179321
0.8037251830101013
0.6059471368789673
0.19856099784374237
0.7518154382705688
-0.07125192880630493
0.06871169805526733
0.29214203357696533
1.2220202684402466
1.1166033744812012
1.2749754190444946
1.5183624029159546
1.9712356328964233
1.6197108030319214
1.8445526361465454
1.0901672840118408
1.0485460758209229
0.9204957485198975
0.9519966840744019
0.880891740322113
1.156913161277771
1.3840528726577759
1.0538301467895508
1.1425840854644775
1.834663987159729
1.3785245418548584
1.6188594102859497
1.559917688369751
1.8705644607543945
1.2872284650802612
1.1400829553604126
0.9731316566467285
1.061057448387146
0.8185952305793762
0.9917755126953125
1.78296959400177
1.1022502183914185
1.3010567426681519
1.18398916721344
1.703062653541565
1.2678914070129395
1.7223845720291138
1.2446244955062866
1.4560941457748413
1.2842389345169067
1.6803773641586304
1.3504046201705933
1.1712013483047485
1.0950349569320679
1.266581654548645
1.1036312580108643
1.7703615427017212
1.0671361684799194
1.105181336402893
0.9474707841873169
0.34335923194885254
1.2832860946655273
1.5493590831756592
1.2327613830566406
1.2479078769683838
1.0321189165115356
1.6667906045913696
1.1550025939941406
1.3513085842132568
0.9712284207344055
0.998797595500946
1.0573935508728027
1.0937689542770386
0.8689057230949402
1.1821033954620361
1.6990469694137573
1.2296392917633057
1.0460987091064453
1.239784836769104
1.1134904623031616
1.1179380416870117
1.3168046474456787
1.6188719272613525
1.227297067642212
1.430362343788147
1.3889224529266357
2.0822930335998535
1.109697937965393
1.0713540315628052
1.5278218984603882
1.4064821004867554
1.332579255104065
1.3095500469207764
1.3560456037521362
1.028138279914856
1.873273253440857
1.235874056816101
1.158878207206726
1.2931445837020874
0.923690915107727
0.8521630764007568
1.000914216041565
2.1251978874206543
1.93618643283844
1.7157233953475952
1.8539572954177856
1.2858809232711792
1.608755111694336
1.2716777324676514
1.7492120265960693
1.9579538106918335
1.4459079504013062
0.8736212253570557
1.1106520891189575
1.3513790369033813
0.9740694165229797
1.1662378311157227
0.857589840888977
0.606163740158081
0.49494099617004395
0.5464081168174744
0.6767686605453491
1.4492913484573364
1.2317458391189575
1.1898244619369507
0.7570448517799377
0.6740826964378357
0.9360808730125427
0.06922973692417145
1.055066466331482
1.8347047567367554
1.894596815109253
1.7880159616470337
1.5607565641403198
1.8407186269760132
1.358303427696228
1.5708104372024536
1.4915541410446167
1.6330286264419556
1.6142691373825073
1.976509690284729
1.7240604162216187
1.7238749265670776
1.5878783464431763
1.656692385673523
1.6712478399276733
1.6738702058792114
1.4524213075637817
1.6261317729949951
1.8721508979797363
1.9908769130706787
1.7347489595413208
1.9041831493377686
1.8659054040908813
1.685362458229065
0.6535052061080933
0.373703271150589
0.5292947292327881
0.3626214861869812
0.5827459096908569
0.4550395905971527
0.5650732517242432
2.0628323554992676
2.0432190895080566
1.8555537462234497
2.028186798095703
1.8855230808258057
2.0788307189941406
2.056779384613037
2.073111057281494
2.0653586387634277
1.1490437984466553
1.1796905994415283
1.1771966218948364
1.7735579013824463
2.0045981407165527
1.7025415897369385
1.6369551420211792
1.6814898252487183
1.0000801086425781
1.801772952079773
1.672047734260559
1.8143054246902466
1.9277734756469727
1.7601311206817627
1.838151216506958
1.3829219341278076
1.5116822719573975
2.0099782943725586
1.1449981927871704
1.936302661895752
2.1767807006835938
2.1391077041625977
2.0800089836120605
1.3003689050674438
2.1512436866760254
2.0633363723754883
1.6604211330413818
1.8688862323760986
1.4847700595855713
1.9088975191116333
2.0459132194519043
1.6943680047988892
1.2929264307022095
1.8528029918670654
1.4516494274139404
1.273226261138916
1.6862871646881104
2.0797019004821777
2.10170316696167
2.1611108779907227
2.101138114929199
1.920189380645752
1.103920817375183
0.4932234287261963
1.2367706298828125
1.37816321849823
0.24710480868816376
0.16054172813892365
0.9402320981025696
0.6942570209503174
0.4934108257293701
1.0383795499801636
1.5262881517410278
1.4143978357315063
1.714173674583435
1.7427537441253662
2.0140023231506348
1.9742265939712524
1.8885313272476196
1.8420054912567139
1.716077208518982
1.9697843790054321
2.0552549362182617
2.0778346061706543
2.028109073638916
2.0616750717163086
2.0239038467407227
2.0028891563415527
1.9538159370422363
1.9553618431091309
2.075845718383789
2.075076103210449
2.06071138381958
1.8362743854522705
1.424157977104187
0.6369770765304565
1.1301991939544678
0.5218947529792786
1.0579248666763306
1.0765631198883057
1.3544094562530518
1.1672297716140747
1.730617880821228
1.1421159505844116
1.6192928552627563
2.0957016944885254
0.24192437529563904
1.089290738105774
1.7392456531524658
0.9743599891662598
1.1166361570358276
1.0288549661636353
1.221909523010254
1.4578429460525513
1.7398630380630493
2.126497745513916
1.8614946603775024
1.9631966352462769
2.0344886779785156
1.3465914726257324
1.5742456912994385
1.617060899734497
1.119077205657959
0.8751715421676636
1.9853841066360474
1.9160138368606567
0.9816197156906128
0.7350599765777588
1.1401852369308472
1.4117398262023926
1.0522260665893555
1.3841923475265503
1.3749918937683105
1.0850571393966675
1.1054712533950806
1.519008755683899
2.115413188934326
2.108822822570801
2.0796942710876465
1.1952264308929443
1.8870551586151123
1.9411391019821167
1.8253546953201294
1.2710891962051392
1.8709030151367188
1.1011216640472412
1.1331641674041748
1.7624824047088623
2.084671974182129
1.964859127998352
2.1196131706237793
2.137840747833252
1.7860474586486816
1.045678734779358
1.2593530416488647
1.1818126440048218
1.0559601783752441
1.481549859046936
1.859624981880188
1.351108431816101
1.8236559629440308
1.1674405336380005
1.287521481513977
0.6636284589767456
1.1539634466171265
0.909407913684845
0.09787261486053467
0.8968572020530701
2.0074644088745117
2.1011219024658203
1.4726483821868896
0.7958816289901733
1.0519473552703857
0.9217575788497925
0.5792669057846069
0.8756713271141052
0.8837615847587585
2.048600196838379
2.1395821571350098
2.1153101921081543
1.8248306512832642
1.721959114074707
1.3265495300292969
2.1130242347717285
2.1094188690185547
2.091276168823242
2.1371569633483887
1.868512511253357
1.3097262382507324
0.5807002186775208
0.3631257116794586
0.2385774403810501
0.6087308526039124
0.16742926836013794
0.28417107462882996
0.06598521769046783
0.8075764179229736
1.6541826725006104
1.5556362867355347
1.1048719882965088
1.5488327741622925
1.4684873819351196
1.5662848949432373
1.9126156568527222
1.3845282793045044
1.8926820755004883
1.1492912769317627
1.2164565324783325
1.9849475622177124
2.0919547080993652
2.040271282196045
2.127005100250244
1.875266194343567
1.6334348917007446
1.590451717376709
2.0585293769836426
1.6581474542617798
1.638604998588562
1.1815294027328491
0.22053569555282593
1.0513641834259033
1.3184950351715088
1.1266511678695679
1.1890820264816284
1.1622284650802612
1.182897686958313
0.2968454360961914
0.8612411618232727
0.7459708452224731
0.6580225229263306
0.8296123743057251
1.1075146198272705
1.1957241296768188
1.8761613368988037
1.9144227504730225
1.1772910356521606
2.0217108726501465
1.018294334411621
0.873988687992096
0.7440481781959534
1.062125325202942
1.3219064474105835
1.892011046409607
2.047236442565918
1.6457102298736572
1.5846818685531616
2.0344462394714355
1.5383554697036743
1.007005214691162
1.0554856061935425
1.4113355875015259
1.2911834716796875
1.2502124309539795
1.017449975013733
0.5459917783737183
0.34086179733276367
0.8454416990280151
1.1232634782791138
1.0728460550308228
1.0971599817276
2.037984848022461
1.9955010414123535
1.194469928741455
2.1086645126342773
1.3612715005874634
1.7578479051589966
1.4463056325912476
1.4321762323379517
1.8342019319534302
1.845159888267517
1.9094585180282593
1.5172754526138306
1.1790772676467896
0.9288994669914246
1.288573980331421
1.5486196279525757
1.185720682144165
1.162612795829773
1.3492947816848755
1.1224249601364136
1.0371108055114746
0.6587929129600525
1.3818706274032593
1.04379141330719
0.7790079116821289
0.6180548667907715
1.276892900466919
1.0421372652053833
1.058938980102539
1.0255465507507324
2.199429512023926
2.1980533599853516
2.1144490242004395
2.0770673751831055
2.099790573120117
1.2945761680603027
2.144926071166992
1.7336000204086304
2.019801139831543
1.6516222953796387
1.5846327543258667
1.934816837310791
1.9606198072433472
1.267025351524353
1.590480923652649
1.424639105796814
1.3458850383758545
1.1623797416687012
1.3962326049804688
1.363148808479309
1.7808623313903809
1.5927575826644897
1.9891244173049927
1.0273070335388184
1.9374035596847534
1.4295839071273804
1.1140964031219482
0.37896397709846497
0.904865026473999
2.1355180740356445
2.088542938232422
1.508164644241333
1.4578404426574707
1.2727429866790771
2.0573859214782715
2.0737781524658203
2.0721282958984375
1.2745676040649414
1.9471752643585205
1.5389719009399414
1.1869161128997803
1.3426458835601807
1.4115922451019287
1.624611735343933
1.1234471797943115
1.8390381336212158
0.9676057696342468
1.2382198572158813
1.1602394580841064
1.9969016313552856
1.2041767835617065
1.724953055381775
0.7659634351730347
2.0074758529663086
1.8316069841384888
1.2037367820739746
0.25787338614463806
0.9981305599212646
0.9824837446212769
1.060147762298584
2.0306239128112793
2.1602401733398438
2.1265316009521484
2.088956356048584
2.137263298034668
2.0562210083007812
1.9913034439086914
2.0087785720825195
2.075237274169922
1.5133131742477417
1.9612414836883545
1.7797588109970093
1.7829374074935913
1.88471519947052
1.7978266477584839
1.127918004989624
0.4569181203842163
0.8490713834762573
1.9769576787948608
1.8817075490951538
1.8009287118911743
2.026271343231201
2.0478739738464355
0.3772774040699005
1.9005656242370605
0.9370989203453064
1.5471795797348022
0.9843447804450989
1.7167099714279175
1.0872586965560913
2.1672940254211426
1.9642881155014038
2.045072555541992
1.276669979095459
1.3829180002212524
2.016200065612793
1.8354007005691528
1.1045738458633423
1.163537621498108
0.8374444246292114
2.0615415573120117
1.9992846250534058
1.9504395723342896
1.9901381731033325
1.8699852228164673
1.2715283632278442
1.6459273099899292
2.042788028717041
1.9934333562850952
2.060387134552002
2.041653633117676
1.9923442602157593
2.0786142349243164
1.688299298286438
1.6233012676239014
0.6733739376068115
0.38818490505218506
0.9929008483886719
0.8343262672424316
0.9626286625862122
2.134324073791504
2.1281490325927734
1.738845705986023
2.0040974617004395
1.8972927331924438
1.9662951231002808
2.1124606132507324
2.0671615600585938
1.9577027559280396
1.7433685064315796
1.4499529600143433
1.3737611770629883
1.3799313306808472
1.1995707750320435
1.0944699048995972
1.3402717113494873
1.3676772117614746
0.9837954044342041
1.166859745979309
1.2699171304702759
1.3215042352676392
0.9157530069351196
1.2956757545471191
1.3120421171188354
1.9278743267059326
1.8606714010238647
1.6834155321121216
0.9858694076538086
1.0154540538787842
1.1375064849853516
1.026795506477356
1.246360421180725
1.1714470386505127
1.1713852882385254
1.0478307008743286
1.2589435577392578
1.4538227319717407
1.9397085905075073
0.47293713688850403
1.300616979598999
1.0413811206817627
1.1137197017669678
1.6288365125656128
1.0466787815093994
1.5048247575759888
1.494125485420227
1.3391751050949097
1.0106960535049438
1.3042491674423218
1.227579951286316
1.1635689735412598
1.1613471508026123
0.936313271522522
0.6612135171890259
0.8033469319343567
0.603515625
0.5317517518997192
0.9886274337768555
0.6714943051338196
2.0335116386413574
2.1224756240844727
1.8773261308670044
0.9779330492019653
0.8229822516441345
0.944458544254303
0.43324336409568787
1.6545475721359253
1.7984471321105957
1.5999006032943726
0.8961195349693298
1.8218657970428467
1.7389559745788574
1.8576633930206299
1.591065526008606
1.7814034223556519
1.7572253942489624
1.5315927267074585
2.066545009613037
1.9807486534118652
0.503093957901001
1.583688497543335
0.5122692584991455
1.5742744207382202
1.39839768409729
1.8329609632492065
0.9755165576934814
1.0603488683700562
1.1476542949676514
1.1670019626617432
2.10068416595459
1.2815855741500854
1.779300332069397
1.6197715997695923
1.7614500522613525
2.1295571327209473
2.0251832008361816
1.4688318967819214
1.188014268875122
1.158300518989563
1.1005518436431885
1.7744892835617065
1.3662508726119995
0.6222840547561646
1.3616405725479126
1.0077346563339233
0.7823066115379333
0.9332365989685059
1.0362858772277832
0.9608515501022339
0.8076727390289307
0.5720680952072144
0.6692893505096436
1.1122392416000366
1.036599040031433
0.8755581974983215
0.9016404151916504
0.5226166248321533
0.8896275758743286
0.660253643989563
1.1567084789276123
1.3693783283233643
2.0526123046875
2.04672908782959
1.3479191064834595
1.9399734735488892
1.5130696296691895
1.6790632009506226
0.8195434212684631
0.4949694871902466
0.20228224992752075
-0.09897970408201218
0.10248353332281113
-0.00919003039598465
1.0293384790420532
0.5255273580551147
0.6941407918930054
1.228624701499939
1.206183671951294
0.7535144090652466
1.5756946802139282
0.1731542944908142
1.014055848121643
1.352381944656372
1.4122053384780884
0.35859984159469604
0.22975704073905945
0.7667688131332397
0.549627423286438
0.5524381995201111
0.7375872731208801
0.4233120083808899
1.1128480434417725
2.0046963691711426
1.505860447883606
1.8622854948043823
1.7653613090515137
0.9590808153152466
0.8661131858825684
0.9915031790733337
0.9901244640350342
0.9671581387519836
0.3464701473712921
2.0487914085388184
1.7149574756622314
1.5045727491378784
1.5448683500289917
1.2114923000335693
0.8199281692504883
0.641874372959137
0.07161136716604233
0.13754969835281372
0.27757298946380615
0.9520973563194275
0.8602306842803955
0.637602686882019
0.16775822639465332
0.8845570683479309
1.9636374711990356
0.6092638969421387
0.49811288714408875
0.49884533882141113
1.9684768915176392
1.4878672361373901
2.0209007263183594
2.026465892791748
2.1122913360595703
2.027334213256836
2.022190570831299
2.1228132247924805
1.9153861999511719
1.4067063331604004
1.9743330478668213
1.6180692911148071
1.984560489654541
2.016021251678467
1.2468491792678833
1.7812128067016602
0.9554482698440552
0.8811712861061096
0.7362858653068542
0.28764742612838745
0.9161801338195801
1.1327348947525024
2.0226659774780273
2.075298309326172
2.083271026611328
1.5367648601531982
2.0973310470581055
1.774429440498352
2.165982723236084
2.115114688873291
2.024552822113037
1.9338021278381348
1.8691816329956055
1.4936121702194214
2.018038749694824
1.8452327251434326
1.9361910820007324
1.3114639520645142
1.5487473011016846
1.9127966165542603
1.6858272552490234
2.010923385620117
2.041278839111328
1.108335018157959
1.6556544303894043
0.5249090790748596
0.3785558342933655
0.270871102809906
0.36665821075439453
0.6279995441436768
0.19950595498085022
0.9773149490356445
0.9967185258865356
0.39456164836883545
1.894276738166809
1.5014351606369019
1.0086363554000854
1.049202561378479
2.138615131378174
1.8928970098495483
2.008871078491211
2.0938711166381836
2.031351089477539
1.942358374595642
0.25420206785202026
0.40817341208457947
0.012799598276615143
-0.04796227067708969
1.0863739252090454
1.4132177829742432
1.1185963153839111
1.9593403339385986
2.053555488586426
2.076509952545166
2.09177827835083
2.055370807647705
2.0626649856567383
1.956202745437622
1.9732099771499634
1.7935549020767212
2.0581159591674805
1.9372509717941284
1.7089499235153198
2.0172977447509766
1.800517201423645
1.9907035827636719
0.8737032413482666
0.8817075490951538
0.833511471748352
0.5544204115867615
1.1407392024993896
2.0331215858459473
1.8382525444030762
2.0484671592712402
2.0261693000793457
2.0299086570739746
1.2036762237548828
1.6371779441833496
1.868265151977539
1.9571315050125122
2.0032758712768555
1.970110535621643
1.7344852685928345
1.944275975227356
2.065420150756836
1.8220511674880981
1.6944557428359985
0.9728436470031738
1.45217764377594
1.490733027458191
1.9388543367385864
2.014671802520752
1.9397683143615723
1.2318575382232666
0.5750426650047302
0.3950746953487396
0.617574155330658
0.6476157307624817
2.036816120147705
1.4845960140228271
1.8720532655715942
1.7814024686813354
1.7989768981933594
1.8239363431930542
1.2175891399383545
1.91472589969635
1.5897623300552368
1.6449122428894043
1.1056139469146729
0.9018217921257019
1.305090308189392
1.5240148305892944
1.0549896955490112
0.9751878976821899
0.9825342893600464
1.034848690032959
1.0343488454818726
0.9992362260818481
0.8091576099395752
0.7865861058235168
0.9379717707633972
0.683593213558197
1.010691523551941
1.1042922735214233
1.5173310041427612
1.1032127141952515
0.8931049704551697
0.5627652406692505
0.47744613885879517
1.007712483406067
1.015238881111145
1.634142518043518
1.14051353931427
1.931754469871521
1.6580578088760376
1.4445401430130005
1.193933367729187
2.0731863975524902
2.063357353210449
2.0150513648986816
1.9625271558761597
2.043062210083008
1.9098328351974487
1.4335089921951294
1.7576367855072021
1.6622573137283325
1.7309783697128296
1.8390685319900513
2.0327277183532715
1.8125146627426147
1.90969979763031
1.8295279741287231
1.7776504755020142
1.6208057403564453
2.064497470855713
1.6388649940490723
1.1280914545059204
2.0836896896362305
1.9880515336990356
2.0938215255737305
1.8798251152038574
2.110927104949951
1.7547918558120728
1.765244960784912
1.3779752254486084
1.0565333366394043
1.3931145668029785
1.2756400108337402
2.0449109077453613
1.1203256845474243
2.0715456008911133
1.795425534248352
1.349695086479187
1.1930606365203857
1.7240005731582642
1.3631627559661865
1.3090105056762695
1.2340091466903687
1.0773309469223022
1.1365468502044678
1.3267236948013306
0.983832061290741
0.9239697456359863
0.9519891738891602
1.1180953979492188
1.1297435760498047
0.8313776254653931
0.6699171662330627
0.6908438205718994
0.6996974349021912
0.9306474328041077
1.0418434143066406
1.1384669542312622
1.0118480920791626
1.8099039793014526
2.14951229095459
2.1253533363342285
2.065232753753662
1.677006721496582
1.362610101699829
1.805745244026184
1.9144550561904907
1.2861849069595337
1.004709005355835
1.8824602365493774
2.089660167694092
1.9142628908157349
1.0929514169692993
1.6717121601104736
1.8473645448684692
1.2257016897201538
1.70270574092865
1.3533788919448853
1.3293352127075195
1.02672278881073
0.8644578456878662
1.2313271760940552
1.7790144681930542
2.043745517730713
0.8846511244773865
1.838876724243164
2.0707249641418457
1.9138835668563843
1.3345102071762085
0.7238826155662537
1.070233941078186
1.2519583702087402
1.154910683631897
0.7751572728157043
1.070276141166687
1.7684954404830933
0.4543958902359009
0.16018204391002655
0.9073918461799622
0.7183093428611755
1.0312355756759644
2.126437187194824
2.07244873046875
2.1168417930603027
2.1675734519958496
2.058781623840332
1.3209731578826904
1.9255892038345337
1.2936712503433228
2.034547805786133
1.9277868270874023
1.3185652494430542
1.2816948890686035
1.2095344066619873
1.1399117708206177
1.004856824874878
1.147262692451477
1.7241442203521729
1.3182544708251953
1.206589937210083
1.9270144701004028
1.459229588508606
1.8165830373764038
2.043673515319824
2.073798656463623
2.065034866333008
2.017176628112793
1.2292629480361938
0.7251906991004944
0.4569663405418396
0.26550814509391785
0.802619993686676
2.0227465629577637
1.3881620168685913
2.0391697883605957
1.2020169496536255
1.1023143529891968
1.4670931100845337
1.2165710926055908
1.3359931707382202
1.5652098655700684
1.5293844938278198
1.0497843027114868
1.725950837135315
1.1364588737487793
1.4886492490768433
1.8924459218978882
1.472123622894287
1.9283329248428345
1.9315568208694458
1.0737360715866089
1.8118153810501099
1.1286674737930298
1.4738692045211792
0.8576269149780273
0.9157887697219849
1.0328527688980103
1.2184834480285645
