0.85502028465271
0.9197731018066406
2.0270793437957764
1.2399001121520996
1.3608331680297852
1.4192219972610474
1.9925508499145508
2.164059638977051
1.535231113433838
0.8126157522201538
0.2653330862522125
0.7678581476211548
1.3846125602722168
0.7166657447814941
1.8737623691558838
2.1849091053009033
2.1399753093719482
2.1426639556884766
2.077146530151367
1.4904509782791138
0.4743245840072632
0.5017708539962769
0.252008318901062
0.6351684927940369
0.44317060708999634
0.8980736136436462
1.915069818496704
1.6549758911132812
1.175990104675293
1.5211231708526611
1.0559544563293457
1.075042486190796
0.9579078555107117
0.8728887438774109
1.0793144702911377
2.0681252479553223
2.0130960941314697
1.8037610054016113
0.7512998580932617
1.8747855424880981
1.5297296047210693
1.793472409248352
0.09802673757076263
1.4867982864379883
1.4941350221633911
1.9886764287948608
1.7741634845733643
1.3047175407409668
1.529737114906311
1.180351734161377
1.0501203536987305
1.8856711387634277
1.572238564491272
1.5094685554504395
0.9286527633666992
1.1969621181488037
1.1495132446289062
1.8130109310150146
1.6258573532104492
1.0759210586547852
0.6182622909545898
0.3153765797615051
0.31641247868537903
0.9466332793235779
1.9859486818313599
2.051313638687134
1.9008762836456299
2.0721375942230225
1.2434284687042236
1.4075307846069336
1.3335726261138916
0.957431435585022
0.20250937342643738
0.34724268317222595
1.715764045715332
1.121719241142273
0.9280680418014526
0.7213010191917419
1.9348084926605225
0.8906422853469849
0.6974937319755554
0.7550967931747437
0.7402324080467224
0.7829609513282776
0.21986132860183716
0.5866749286651611
0.39654189348220825
-0.13715167343616486
0.48464280366897583
0.36470741033554077
0.9447599649429321
0.957033634185791
1.0136317014694214
1.070076584815979
1.9327335357666016
1.859415054321289
1.1147233247756958
1.1968451738357544
1.0151270627975464
1.8051533699035645
2.2016208171844482
1.9471009969711304
1.2664860486984253
1.1728501319885254
1.2489299774169922
1.1439236402511597
1.4451874494552612
1.5229452848434448
1.3553695678710938
0.7683637142181396
1.230137825012207
1.6405143737792969
1.8522725105285645
1.247768521308899
1.0750216245651245
1.1554571390151978
0.4271661639213562
0.7014089822769165
0.913295328617096
0.8753201961517334
0.9121285676956177
0.9348345994949341
2.2124581336975098
2.1175782680511475
1.7937853336334229
1.784513235092163
1.5980327129364014
1.9987537860870361
2.056626796722412
1.9448437690734863
1.4748259782791138
1.240481972694397
1.0684175491333008
1.799107551574707
1.5258197784423828
1.9715986251831055
0.8541640639305115
1.4442353248596191
0.7196564078330994
0.38773655891418457
0.3152807354927063
0.3297279179096222
0.7723093032836914
1.4447836875915527
0.5807299017906189
0.6509607434272766
0.9342575073242188
0.7874648571014404
1.3275196552276611
0.8009341955184937
0.9805781841278076
1.034437894821167
2.035691976547241
1.7808701992034912
1.0825895071029663
0.9835306406021118
1.495830774307251
1.4135897159576416
1.299208641052246
1.2624926567077637
1.2833304405212402
1.320460319519043
1.286419153213501
1.3907866477966309
1.176016926765442
1.6370131969451904
1.7206493616104126
1.5039376020431519
1.5364415645599365
1.7841590642929077
1.8307676315307617
1.6977407932281494
1.2539825439453125
0.9933682680130005
0.5487130880355835
1.243086576461792
1.3434503078460693
1.3118007183074951
1.4541938304901123
1.0745940208435059
1.0394699573516846
1.0267884731292725
1.1472896337509155
1.088599681854248
1.1074039936065674
0.9150718450546265
0.6870771050453186
0.9105879068374634
1.0451672077178955
1.058698296546936
0.7809379696846008
0.67805016040802
0.8697773218154907
0.9372155666351318
0.8525200486183167
0.9551433324813843
0.7261700630187988
0.9119256138801575
1.0721442699432373
0.4358886182308197
0.5391545295715332
1.6566603183746338
2.0172512531280518
2.1951210498809814
2.0999953746795654
2.007838487625122
2.0755465030670166
1.0039496421813965
0.7554095983505249
1.4694688320159912
1.4196858406066895
0.9046996235847473
1.0129241943359375
2.009901762008667
1.6929575204849243
1.5941026210784912
1.4585955142974854
1.6213798522949219
1.1903072595596313
0.42332884669303894
1.4024683237075806
1.0103163719177246
0.18147948384284973
0.18630026280879974
1.1374949216842651
0.8583873510360718
0.9145255088806152
1.8370864391326904
1.9983654022216797
2.1244077682495117
1.5032992362976074
1.7485023736953735
1.6106244325637817
0.8872689008712769
1.492523193359375
1.296280860900879
1.4668065309524536
1.6522445678710938
1.819414734840393
1.3393828868865967
1.6439359188079834
1.9186558723449707
1.8750028610229492
1.8745222091674805
1.9703102111816406
1.8680554628372192
1.6474828720092773
1.173874020576477
0.9802741408348083
1.4628262519836426
0.9785764217376709
1.3123602867126465
1.7283153533935547
0.7265625596046448
1.5753554105758667
1.2308170795440674
1.2640273571014404
1.6241018772125244
1.8382830619812012
0.911588191986084
1.0291945934295654
2.1551852226257324
1.345719337463379
1.4917519092559814
1.9115487337112427
1.927168846130371
1.136118769645691
0.9458898305892944
1.117776870727539
0.933169960975647
1.0513639450073242
0.683203935623169
0.7910256385803223
1.5438475608825684
1.2929959297180176
1.1371697187423706
1.0379009246826172
0.944497287273407
1.2601600885391235
1.2951793670654297
1.1914684772491455
1.9772319793701172
1.947443962097168
1.7061755657196045
1.5744233131408691
1.6891738176345825
1.527796745300293
0.9018741846084595
0.5010981559753418
0.8562513589859009
0.8276539444923401
2.125455856323242
2.1576943397521973
1.8364654779434204
0.9811496138572693
1.7826149463653564
1.648878812789917
1.6292937994003296
1.1031229496002197
0.8329863548278809
2.0296990871429443
1.2589404582977295
0.776452362537384
0.31304508447647095
0.12166760861873627
0.3691840171813965
1.3089765310287476
0.5651109218597412
1.3692837953567505
2.1013224124908447
1.8363338708877563
1.9169665575027466
1.8450560569763184
1.720306634902954
2.0674312114715576
1.6311830282211304
1.364027500152588
0.17226949334144592
0.09693944454193115
1.0008090734481812
0.9389764666557312
0.9303118586540222
1.4751660823822021
2.0146114826202393
2.042536973953247
1.8649669885635376
1.1269032955169678
1.2139240503311157
1.117323875427246
1.9665777683258057
1.1805537939071655
1.5691635608673096
2.0152320861816406
1.931122064590454
1.801945447921753
1.8773458003997803
1.354931354522705
0.6205323934555054
0.5735709071159363
1.8922624588012695
2.031017780303955
1.4999891519546509
0.3769913613796234
1.4374431371688843
1.8784669637680054
1.369384527206421
2.107262372970581
2.1578707695007324
0.5420628786087036
0.6592705249786377
0.4719916880130768
0.3556252121925354
0.31367433071136475
0.46810245513916016
1.974875569343567
1.8373558521270752
1.152944564819336
1.4749807119369507
1.1711664199829102
2.0734448432922363
2.038867712020874
1.993057131767273
1.9596995115280151
1.1570338010787964
0.9347566366195679
0.4879007935523987
0.1178821474313736
1.0084290504455566
0.7627332210540771
1.7228578329086304
1.5517829656600952
0.5897045135498047
0.31019553542137146
0.9787256717681885
1.8083109855651855
1.2941032648086548
0.7147559523582458
0.3099301755428314
0.07862740755081177
0.6023802161216736
-0.09673507511615753
-0.08722677081823349
0.0957508236169815
1.2768317461013794
1.2234476804733276
1.3573715686798096
1.6775816679000854
2.0407586097717285
1.8638279438018799
1.6880561113357544
0.9768611192703247
0.8689142465591431
0.8985366821289062
0.8465976119041443
0.6779356598854065
1.0347750186920166
1.4139461517333984
0.9248277544975281
1.3251055479049683
1.8492517471313477
1.3650822639465332
1.5350326299667358
1.268409013748169
1.7002654075622559
1.0789213180541992
0.8463269472122192
0.7492477893829346
0.8274000287055969
0.7185200452804565
1.0674943923950195
1.5424411296844482
1.063370704650879
1.3696695566177368
1.1694016456604004
1.7072534561157227
1.2957499027252197
1.6527037620544434
1.1225966215133667
0.9549888372421265
1.249701976776123
1.6836813688278198
1.2856160402297974
1.1236423254013062
1.0824743509292603
1.3282170295715332
0.9880580306053162
1.632185459136963
1.0026239156723022
1.123878002166748
0.9432269930839539
0.26283732056617737
1.1324669122695923
1.4782850742340088
1.5934590101242065
1.0809745788574219
0.9944093227386475
1.5752049684524536
1.140626311302185
1.5975396633148193
0.9619154334068298
0.8499648571014404
0.9191487431526184
1.0187422037124634
0.8202628493309021
1.328947901725769
1.8400360345840454
1.4535788297653198
0.982213020324707
1.2748490571975708
0.98663330078125
1.0029926300048828
1.322265863418579
1.615403652191162
1.446232557296753
1.4529815912246704
1.4132797718048096
2.074704885482788
1.1006591320037842
0.7393940687179565
0.6011286377906799
1.4631274938583374
1.3134582042694092
1.249765157699585
1.210356593132019
0.7406005859375
1.9365652799606323
1.2287118434906006
1.09492027759552
1.3418359756469727
0.6698992848396301
0.8850740194320679
1.2249749898910522
2.144109010696411
1.8062831163406372
1.6185914278030396
1.5307077169418335
1.0417323112487793
1.5043927431106567
1.1961885690689087
1.8390626907348633
1.9749605655670166
1.3264578580856323
0.7166784405708313
0.46816882491111755
1.4179182052612305
0.9159592390060425
0.7262574434280396
0.6729767322540283
0.5296752452850342
0.4885321259498596
0.4669090807437897
0.4922899007797241
1.5660943984985352
1.0733414888381958
1.171272873878479
0.4702211320400238
0.44781458377838135
0.6426425576210022
0.227230042219162
1.0613868236541748
1.6480376720428467
1.772925615310669
1.6796795129776
1.283154845237732
1.8762180805206299
1.3918452262878418
1.8550653457641602
1.375074028968811
1.399204134941101
1.2918205261230469
1.7957502603530884
1.6211585998535156
1.6128782033920288
1.5019230842590332
1.454321265220642
1.472285270690918
1.5120733976364136
1.1037015914916992
1.5531976222991943
1.7418934106826782
1.9614462852478027
1.6810330152511597
1.9159746170043945
1.7653391361236572
1.5537829399108887
0.5459681749343872
0.08444733917713165
0.3640112280845642
0.5868209600448608
0.6032766699790955
0.3468124568462372
0.7843133211135864
2.136640787124634
2.1173689365386963
1.7716498374938965
1.8552676439285278
1.7406833171844482
2.0117595195770264
2.0565991401672363
2.0107929706573486
2.057573080062866
1.0047603845596313
1.074303388595581
1.0052878856658936
1.6862953901290894
2.0134057998657227
1.710361361503601
1.5493762493133545
1.7048873901367188
1.0210518836975098
1.6815266609191895
1.8531577587127686
1.7903566360473633
1.8949637413024902
1.511117696762085
1.7293190956115723
1.2860009670257568
1.348158359527588
1.9999772310256958
1.0235376358032227
2.048571825027466
2.1640496253967285
2.154362916946411
1.9982740879058838
1.1944293975830078
1.901726484298706
2.060830593109131
1.319700837135315
1.6197121143341064
1.18852961063385
1.9391168355941772
2.1712236404418945
1.8158738613128662
1.1363718509674072
1.8667103052139282
1.5404160022735596
1.0740950107574463
1.677112102508545
2.0957937240600586
2.145541191101074
2.2053287029266357
1.9556576013565063
1.8402339220046997
0.9158284664154053
0.38263124227523804
1.3705295324325562
1.480921745300293
0.2579282224178314
0.1553097665309906
0.8761765956878662
0.5094155669212341
0.4447253942489624
0.8271230459213257
1.4539088010787964
1.4235384464263916
1.580224871635437
1.6942739486694336
2.072014808654785
2.053776979446411
1.9109175205230713
1.732446312904358
1.612536907196045
1.9689276218414307
2.0796260833740234
2.11212420463562
1.9767897129058838
2.0589582920074463
1.9475306272506714
1.969831109046936
1.6298811435699463
1.8395864963531494
2.0663297176361084
2.133246660232544
2.036417007446289
1.5917052030563354
1.1626770496368408
0.5515704154968262
1.153103232383728
1.3753142356872559
1.0142406225204468
1.114281177520752
1.2306157350540161
1.0952067375183105
1.4092977046966553
1.0860038995742798
1.7020072937011719
2.0076210498809814
0.29671165347099304
0.9730375409126282
1.529437780380249
1.0548536777496338
0.8848229646682739
0.9197317361831665
1.0762804746627808
1.188991904258728
1.9841015338897705
2.1661853790283203
1.7783496379852295
1.788170576095581
1.9515578746795654
1.402247428894043
1.5740290880203247
1.4264436960220337
0.9125774502754211
0.566723644733429
2.0203046798706055
1.8390274047851562
0.7854517102241516
0.32092800736427307
0.9028670787811279
1.1996278762817383
0.9848706126213074
1.101340651512146
1.084170937538147
0.9728305339813232
1.0120129585266113
1.297360897064209
2.1190011501312256
2.0579867362976074
2.16267466545105
1.2522904872894287
1.969618797302246
2.019143581390381
1.9491164684295654
1.2214982509613037
1.665738582611084
1.020521879196167
1.0670397281646729
1.4505994319915771
2.0394561290740967
1.732842206954956
2.009874105453491
2.0425071716308594
1.5250747203826904
1.040276288986206
1.0176268815994263
1.052590012550354
1.1910881996154785
1.5987162590026855
1.6026638746261597
1.1721984148025513
1.7461038827896118
1.1414859294891357
0.9797234535217285
0.3629659116268158
0.9663382172584534
0.9315462708473206
0.38515904545783997
1.0356059074401855
1.940848708152771
2.146580457687378
1.5036835670471191
0.27880555391311646
0.6897841691970825
0.7603413462638855
0.6822167038917542
0.6319063305854797
0.9244479537010193
1.9262676239013672
2.131507396697998
2.076447010040283
1.8501259088516235
1.4669851064682007
1.0503456592559814
2.1554532051086426
2.098738670349121
2.1073169708251953
2.0946061611175537
1.900416612625122
1.2405986785888672
0.6059520840644836
0.27923139929771423
0.039831679314374924
0.5661219358444214
0.19176417589187622
0.20879453420639038
-0.06592818349599838
1.1148236989974976
1.659118413925171
1.7519609928131104
0.7581319808959961
1.1348553895950317
1.6345913410186768
1.522730827331543
2.0458714962005615
1.755913257598877
1.831961750984192
1.2210783958435059
1.1329545974731445
2.065342903137207
2.1834893226623535
2.0330820083618164
2.12471342086792
1.9280211925506592
1.7442238330841064
1.4993534088134766
2.0843284130096436
1.678922414779663
1.731757640838623
1.3971974849700928
0.32695454359054565
1.0134143829345703
1.0757923126220703
1.0400153398513794
1.1176137924194336
1.0712515115737915
1.116182804107666
0.7039085030555725
0.8302993774414062
0.5298929214477539
0.4366438686847687
0.7613065838813782
0.9917100071907043
1.2971516847610474
1.8554887771606445
1.6604323387145996
1.2955524921417236
1.9284961223602295
1.0632741451263428
0.8077710270881653
0.5050379037857056
0.9059150815010071
1.3095425367355347
1.8072123527526855
2.050429344177246
1.4214427471160889
1.5328552722930908
2.080631732940674
0.8470243215560913
0.35883137583732605
0.7913044691085815
1.4315924644470215
1.4268453121185303
1.1482734680175781
0.7331916689872742
0.12500575184822083
0.16485504806041718
0.8868999481201172
0.9747355580329895
0.9813622832298279
1.1224946975708008
2.1181108951568604
1.919579029083252
1.1336441040039062
2.0728185176849365
1.3136969804763794
1.627699613571167
1.520904302597046
1.394334316253662
1.7674511671066284
1.7573175430297852
1.9161853790283203
1.6176095008850098
1.2678734064102173
0.8434291481971741
1.369121789932251
1.6345247030258179
1.1773749589920044
1.082464337348938
1.3357443809509277
1.1078087091445923
0.6051804423332214
0.26345258951187134
1.2486491203308105
1.06119704246521
0.6582832336425781
0.4219774007797241
1.0325353145599365
1.0008090734481812
1.0333867073059082
1.0361725091934204
2.148817777633667
2.1521694660186768
1.9439269304275513
2.049830675125122
2.0464365482330322
1.178389549255371
2.1723737716674805
1.7485837936401367
1.8578226566314697
1.5207712650299072
1.473731279373169
1.8977956771850586
1.9764418601989746
1.1305186748504639
1.1416475772857666
0.9607878923416138
0.9582776427268982
1.1202199459075928
1.1921980381011963
1.2768027782440186
1.6250628232955933
1.4460926055908203
1.897839069366455
0.8643705248832703
1.6252796649932861
1.6225541830062866
0.9797914624214172
0.3989941477775574
0.9770669937133789
2.1992053985595703
2.2020208835601807
1.2769625186920166
1.6269524097442627
1.097188115119934
2.0471208095550537
2.0506629943847656
1.9512662887573242
1.3082689046859741
1.8950674533843994
1.5863311290740967
1.1913163661956787
1.2565317153930664
1.3674468994140625
1.6837148666381836
0.9749428629875183
1.7649898529052734
0.9949586987495422
1.2755744457244873
1.1449178457260132
2.1338465213775635
0.9216719269752502
1.6719833612442017
0.9087849855422974
2.034929037094116
1.8180906772613525
1.1431516408920288
0.5320421457290649
0.9278713464736938
0.9281770586967468
0.9586887359619141
1.9619100093841553
2.0648128986358643
2.0036745071411133
2.0224692821502686
2.075026512145996
2.046536445617676
2.0212628841400146
2.130143880844116
2.1219394207000732
1.3596194982528687
1.893264889717102
1.6228344440460205
1.7113142013549805
1.911228895187378
1.9614734649658203
1.1102492809295654
0.42656880617141724
0.5650839805603027
1.9150502681732178
1.9684394598007202
1.7747759819030762
2.0816876888275146
2.00610089302063
0.4020034670829773
1.8082839250564575
1.0414416790008545
1.1736738681793213
1.0254909992218018
1.609538197517395
1.022445559501648
2.128049373626709
1.6622340679168701
1.9275779724121094
1.1277525424957275
1.1681315898895264
2.0660159587860107
1.5892720222473145
1.1622629165649414
1.0300328731536865
0.5359459519386292
2.084531307220459
2.001173496246338
1.848254919052124
2.0699963569641113
1.6796627044677734
1.1993895769119263
1.706981897354126
2.0442841053009033
2.0497660636901855
2.1021528244018555
1.946187138557434
2.1069910526275635
1.9721676111221313
1.5357284545898438
1.2854279279708862
0.9055364727973938
0.43208131194114685
0.8966798186302185
0.7883107662200928
0.9390166997909546
2.102980852127075
2.1143038272857666
1.6738979816436768
1.8050549030303955
1.7672475576400757
1.9953289031982422
2.021188735961914
1.976866602897644
1.8960405588150024
1.7555043697357178
1.3490279912948608
1.194841980934143
1.0874727964401245
0.8909839391708374
0.9101674556732178
1.261749029159546
0.6899310350418091
0.4682004153728485
1.020229697227478
1.1691677570343018
1.3347930908203125
1.0882384777069092
0.731526255607605
1.2144570350646973
1.9290530681610107
1.7217094898223877
1.5404480695724487
0.9113464951515198
0.8856964111328125
1.076965570449829
0.8823553323745728
1.1779030561447144
1.2250949144363403
0.9660592079162598
0.9283308982849121
1.1975634098052979
1.4766404628753662
1.8597421646118164
0.5404271483421326
0.3930320739746094
0.8386533260345459
0.8226498961448669
1.5233855247497559
1.017418384552002
1.8117865324020386
1.303600549697876
1.2249042987823486
1.0081077814102173
1.268812656402588
1.0918385982513428
1.096955418586731
1.0041348934173584
0.6493304371833801
0.41061264276504517
0.5711811184883118
0.42044931650161743
0.538306474685669
0.8232163190841675
0.662295937538147
1.955695390701294
2.108985662460327
1.8344451189041138
0.9569182991981506
0.9266434907913208
0.9109690189361572
0.8159275054931641
1.888708233833313
1.8733958005905151
1.639629602432251
1.523089051246643
1.9101310968399048
1.7681450843811035
1.8670728206634521
1.4710248708724976
1.7690865993499756
1.6250160932540894
1.3159430027008057
2.0727431774139404
1.7193588018417358
0.5367778539657593
1.2133145332336426
0.33836638927459717
1.3972699642181396
1.3295111656188965
1.8873350620269775
1.033898115158081
0.6374870538711548
0.9300915002822876
1.0627210140228271
2.0148890018463135
1.3253989219665527
1.7159714698791504
1.8832659721374512
1.974905014038086
2.2030184268951416
2.0663561820983887
1.3311735391616821
0.936798095703125
0.8967242240905762
0.6928592324256897
1.7204372882843018
1.286009430885315
0.46057409048080444
1.1746442317962646
0.9548966288566589
0.647613525390625
0.8764404058456421
1.0689164400100708
0.7751370072364807
0.32204246520996094
0.41147637367248535
0.6022471189498901
1.3285901546478271
1.2022234201431274
1.0869357585906982
0.7160955667495728
0.4647373557090759
0.8429844379425049
0.7067511677742004
0.9667613506317139
1.330080270767212
2.026946783065796
2.0251095294952393
1.236925482749939
1.791552186012268
1.2764474153518677
1.6065199375152588
0.7664532661437988
0.37540990114212036
-0.02345060557126999
-0.1847270131111145
-0.029892869293689728
0.041134633123874664
0.633155107498169
0.4855248034000397
0.7784496545791626
1.359452724456787
1.0657720565795898
0.9102999567985535
1.4974048137664795
0.3589922785758972
1.3124374151229858
1.5298357009887695
1.2883318662643433
0.32795169949531555
0.25416040420532227
0.6457120776176453
0.631907045841217
0.6785579919815063
0.6209734678268433
0.4943494498729706
1.1339397430419922
2.0578784942626953
1.7403523921966553
1.6121634244918823
1.824065923690796
0.850832462310791
0.6766355037689209
0.7415972948074341
1.0179882049560547
0.8738090991973877
0.37442150712013245
2.089282512664795
1.7339141368865967
1.4114376306533813
1.3449548482894897
1.153164029121399
1.1700835227966309
0.6682136058807373
-0.18633249402046204
-0.15169557929039001
0.4623005986213684
1.1266802549362183
1.0267443656921387
0.6493610143661499
0.009218744933605194
0.747439980506897
1.8740195035934448
0.5846315622329712
0.33719509840011597
0.4291903078556061
2.003300428390503
1.629638433456421
2.1054911613464355
2.1077704429626465
2.197904586791992
2.162706136703491
2.0816519260406494
2.0846519470214844
1.8585010766983032
1.3121943473815918
2.0036208629608154
1.6793583631515503
2.0768346786499023
2.0740115642547607
1.419655203819275
0.5949147343635559
0.7048572301864624
0.8052889108657837
0.6757166385650635
0.4408971965312958
0.9476399421691895
1.2184451818466187
1.8732703924179077
2.0084404945373535
2.0881829261779785
1.1894408464431763
1.8873565196990967
1.571002721786499
2.0361320972442627
2.0744807720184326
1.9652376174926758
1.7720842361450195
1.9448415040969849
1.4586422443389893
1.8896148204803467
1.5572991371154785
1.6975101232528687
1.1375343799591064
1.317561388015747
1.925130009651184
0.9895371198654175
1.6245396137237549
2.0634193420410156
1.1465277671813965
1.4289448261260986
0.6708659529685974
0.5480481386184692
0.16998860239982605
0.5047287940979004
0.5206157565116882
0.506295919418335
0.995924711227417
1.0254385471343994
0.6226927042007446
1.9434754848480225
1.3943713903427124
0.9965780973434448
1.1318516731262207
2.0136101245880127
1.8691084384918213
2.014544725418091
2.025883913040161
2.115980386734009
2.112842082977295
0.35228681564331055
0.43693840503692627
-0.16951993107795715
0.05771862342953682
1.0156537294387817
1.2044681310653687
0.7874521613121033
1.9712162017822266
2.049783945083618
2.2256925106048584
2.118014097213745
2.0877885818481445
2.0602781772613525
1.759899616241455
1.9959297180175781
1.6314547061920166
1.9692987203598022
1.6195461750030518
1.6027215719223022
1.9971983432769775
1.7259044647216797
1.9239730834960938
0.9089540243148804
0.9117396473884583
0.7092916369438171
0.46304792165756226
1.162786841392517
1.956885576248169
1.5574240684509277
2.094531536102295
2.098825693130493
1.9860548973083496
1.0145403146743774
1.1904240846633911
1.927340030670166
1.9690520763397217
1.9684813022613525
1.9166843891143799
1.691123366355896
1.7141475677490234
2.163954019546509
1.7281761169433594
1.4293298721313477
0.6484743356704712
1.4079654216766357
1.2158361673355103
1.9163446426391602
2.1872928142547607
2.0314557552337646
1.375795841217041
0.5200380086898804
0.5098746418952942
0.5968416929244995
0.6341769099235535
2.1286492347717285
1.733994483947754
1.8226653337478638
1.6720167398452759
1.7641159296035767
1.7328534126281738
1.2261964082717896
1.9492642879486084
1.7275121212005615
1.463693618774414
0.9186332821846008
0.634653627872467
1.093482494354248
1.518923282623291
1.0460957288742065
0.910170316696167
0.9241800308227539
1.0270893573760986
0.9808778762817383
0.9030597805976868
0.8018650412559509
0.828762412071228
0.8756906986236572
0.7753952145576477
1.037221908569336
1.149660348892212
1.3980852365493774
0.9921808838844299
0.8420734405517578
0.5708014965057373
0.4466468095779419
0.7292048931121826
0.844009518623352
1.4778079986572266
0.9219619035720825
1.8005082607269287
1.1794356107711792
0.937875509262085
1.18932044506073
2.1417109966278076
2.270430326461792
2.114041566848755
2.0222904682159424
2.017374038696289
1.8541984558105469
1.5383304357528687
1.6784427165985107
1.5893646478652954
1.6737743616104126
1.7672100067138672
1.919335126876831
1.8914244174957275
2.0068459510803223
1.9838167428970337
1.7074860334396362
1.633102536201477
2.0257012844085693
1.5735204219818115
1.0378010272979736
2.165496349334717
1.9961985349655151
2.1612446308135986
1.5651047229766846
2.1026713848114014
1.3097198009490967
1.554847002029419
1.3335905075073242
1.0118674039840698
1.2709476947784424
1.2843445539474487
1.9709858894348145
1.1501315832138062
2.029766798019409
1.707096815109253
1.29337477684021
1.1157490015029907
1.712078332901001
1.333115816116333
1.1756075620651245
1.1198548078536987
1.0153075456619263
1.0798335075378418
1.2132693529129028
1.0522243976593018
0.7160423398017883
0.8275647759437561
1.177635669708252
1.2195839881896973
0.89461350440979
0.6362084150314331
0.5705440044403076
0.6425322890281677
0.8835553526878357
1.0844194889068604
1.0894259214401245
1.1193370819091797
1.631980538368225
2.1641242504119873
2.170422315597534
1.9314407110214233
1.3654311895370483
1.1348851919174194
1.7708972692489624
1.8372790813446045
1.1168547868728638
0.975568950176239
1.6525092124938965
2.237919330596924
1.8951194286346436
0.8804031014442444
1.760364055633545
1.5244675874710083
1.215014934539795
1.5691475868225098
1.5563080310821533
1.1263203620910645
1.0850719213485718
0.6923564672470093
1.054479718208313
1.3919057846069336
2.0685813426971436
0.32741785049438477
1.0710859298706055
2.081350564956665
1.7577859163284302
0.9471510052680969
0.7849077582359314
0.9283580780029297
1.1770789623260498
0.9898955821990967
0.6791700720787048
0.9096485376358032
1.604677438735962
0.09243204444646835
0.07396917790174484
0.6824899911880493
0.755686342716217
1.0059887170791626
2.1517317295074463
2.0612974166870117
2.084970712661743
2.1112866401672363
1.8954441547393799
1.2888128757476807
1.6017687320709229
1.6876673698425293
2.0149877071380615
1.6884212493896484
1.2859916687011719
1.1346981525421143
1.0452311038970947
1.1152809858322144
0.8042815923690796
0.8171550035476685
1.5669907331466675
1.476838231086731
1.075068712234497
1.902014970779419
1.4881227016448975
1.8308963775634766
2.0353269577026367
2.1156890392303467
2.056849718093872
1.9212080240249634
0.726513147354126
0.6200787425041199
0.3079001307487488
-0.00902487337589264
0.8022785782814026
2.135392904281616
1.8040651082992554
1.8381993770599365
0.7186234593391418
0.8721915483474731
1.547641396522522
1.0559109449386597
1.2609553337097168
1.3820593357086182
1.4144892692565918
0.8174959421157837
1.537811517715454
1.0031776428222656
1.4851014614105225
1.9613704681396484
1.0924371480941772
1.8611171245574951
1.8744807243347168
0.9545438289642334
1.6420336961746216
1.0484435558319092
1.4067559242248535
0.7086952328681946
0.8491323590278625
0.947544515132904
1.8402831554412842
