0.7246291637420654
1.456803798675537
2.4884471893310547
1.2761577367782593
1.3128808736801147
1.4064534902572632
2.9551632404327393
2.988264799118042
1.7736173868179321
1.7182406187057495
2.0629420280456543
2.424842119216919
1.886809229850769
2.114964246749878
2.9792816638946533
3.216858386993408
2.778397798538208
3.179558277130127
2.4505772590637207
2.131253719329834
2.0529704093933105
2.5174789428710938
1.7969872951507568
1.6445399522781372
1.3004755973815918
1.5263705253601074
2.1220574378967285
2.129258871078491
1.2750343084335327
2.1502740383148193
0.7752119302749634
0.8860778212547302
0.7937204837799072
1.5327364206314087
1.125846266746521
2.982806444168091
2.8067941665649414
1.9396998882293701
1.9095368385314941
2.8749642372131348
2.2921838760375977
2.5963125228881836
1.9550431966781616
1.5972492694854736
1.9015297889709473
2.600876569747925
1.9513037204742432
1.3980544805526733
1.4321004152297974
1.339259386062622
1.3930981159210205
2.012335777282715
1.7382750511169434
1.1878587007522583
1.2520294189453125
0.9793331623077393
1.1011097431182861
1.4410120248794556
1.3083953857421875
1.224223256111145
0.6974695920944214
1.478162169456482
1.5657144784927368
2.2478926181793213
3.0544071197509766
2.401026487350464
1.9479172229766846
2.834033489227295
1.5899419784545898
1.4137208461761475
1.6660163402557373
1.2867090702056885
2.359139919281006
2.028008460998535
2.322650194168091
2.723881483078003
2.67254638671875
3.3036975860595703
3.1646995544433594
0.8955104947090149
1.5352615118026733
1.6277835369110107
1.4202061891555786
1.2279695272445679
2.2653727531433105
1.8627935647964478
2.4005937576293945
2.513303279876709
2.2438266277313232
2.0281999111175537
0.6169837713241577
0.8237257599830627
0.8918274641036987
1.0272119045257568
2.026693820953369
1.5929906368255615
0.9252448081970215
1.8960860967636108
1.2767130136489868
1.5174556970596313
3.2756576538085938
2.171452283859253
1.0675991773605347
1.1836665868759155
1.089705228805542
1.3055764436721802
1.6260604858398438
1.4771150350570679
1.5755815505981445
2.571599006652832
1.7980709075927734
1.9678771495819092
2.4118361473083496
1.3731732368469238
1.1389588117599487
1.8274396657943726
2.489232301712036
1.4178006649017334
0.776880145072937
1.298305630683899
0.8212045431137085
1.2256646156311035
3.774181842803955
3.452618360519409
2.5334079265594482
1.7203917503356934
1.9107704162597656
2.4458532333374023
3.4420926570892334
2.7342002391815186
1.6435636281967163
1.3440614938735962
1.233351469039917
2.1498982906341553
1.7651093006134033
2.442164897918701
3.114888906478882
2.7984635829925537
2.692817211151123
2.9605190753936768
3.1527862548828125
2.947364330291748
2.9957919120788574
2.5551984310150146
1.9416637420654297
2.340223789215088
1.834249496459961
1.7517454624176025
2.199418544769287
1.7274649143218994
0.521087110042572
0.796910285949707
3.069531202316284
1.9657964706420898
1.6995197534561157
2.126307249069214
1.6707723140716553
1.7723321914672852
1.693218469619751
1.62082839012146
1.7100160121917725
1.6032636165618896
1.5046159029006958
1.6063098907470703
1.5368869304656982
1.6391956806182861
1.7758910655975342
1.3298156261444092
1.3783074617385864
1.9498889446258545
1.8673651218414307
1.908944845199585
1.3958734273910522
1.214815616607666
1.4635916948318481
2.021839141845703
1.41743004322052
1.3445597887039185
1.6835308074951172
1.5401405096054077
0.6361039876937866
0.8541254997253418
1.0689945220947266
0.7586997151374817
1.2797927856445312
1.3081098794937134
1.6562366485595703
1.5805699825286865
1.0180071592330933
1.1058837175369263
0.9344432950019836
0.9936158657073975
0.8465498685836792
0.8035345077514648
0.8647314310073853
0.9847132563591003
1.260898470878601
1.0209081172943115
0.7428211569786072
1.2529056072235107
1.1979641914367676
2.400390148162842
1.8557051420211792
2.696293592453003
2.907351493835449
1.955484390258789
2.9198157787323
1.2392117977142334
2.393620491027832
1.9061206579208374
1.978834629058838
1.906774878501892
1.907909631729126
2.740663528442383
2.4251253604888916
2.1895008087158203
2.191859483718872
2.410055160522461
1.8647112846374512
2.3482251167297363
2.2420618534088135
2.8439888954162598
2.586313247680664
2.525085926055908
2.4535067081451416
2.23861026763916
2.645433187484741
2.506937026977539
2.2363858222961426
2.8354949951171875
2.2744131088256836
2.1351473331451416
2.1197311878204346
2.09507417678833
2.1008243560791016
1.835509181022644
2.1080498695373535
2.18768572807312
2.170546054840088
1.813866138458252
1.933409571647644
2.2076096534729004
2.2257537841796875
2.2915120124816895
2.9575884342193604
2.6602373123168945
2.2390835285186768
1.9648792743682861
2.1949775218963623
1.8244667053222656
1.7919769287109375
1.374302625656128
2.572887659072876
2.155400276184082
2.3004181385040283
2.016862392425537
2.1142544746398926
2.304863452911377
2.5971856117248535
0.5649132132530212
0.9453725218772888
3.145393133163452
2.2548422813415527
2.847146987915039
3.3647961616516113
2.253908157348633
1.1892000436782837
1.8766428232192993
2.0839781761169434
0.9543977975845337
1.478135108947754
1.4599461555480957
1.595343828201294
2.437971591949463
2.0410847663879395
2.209080934524536
1.9025592803955078
1.1813480854034424
2.063387155532837
1.9100912809371948
1.441849708557129
2.8066115379333496
2.947117805480957
2.5442466735839844
2.2582883834838867
2.9126367568969727
3.4052820205688477
1.918379545211792
2.515798807144165
0.6676326990127563
1.0801095962524414
3.1367781162261963
3.336808681488037
2.9398319721221924
2.409057378768921
1.968197226524353
2.387875556945801
1.972989559173584
1.886194109916687
1.742147445678711
3.1430628299713135
2.4970521926879883
2.277416467666626
2.167344093322754
2.1662559509277344
2.386017084121704
1.7955260276794434
1.5324772596359253
2.4967703819274902
2.891263484954834
2.0335590839385986
1.792654037475586
2.8831164836883545
1.9140944480895996
2.314845085144043
2.2464497089385986
2.5079002380371094
1.7799723148345947
1.7180532217025757
0.5733190774917603
0.797888457775116
1.8093849420547485
2.5273640155792236
2.556323289871216
1.883868932723999
1.5893845558166504
1.580324411392212
1.7679111957550049
2.0524075031280518
2.770261287689209
2.427875518798828
1.8574092388153076
2.2044119834899902
2.9795920848846436
2.163055896759033
2.0648255348205566
1.9958434104919434
2.0087170600891113
1.9299451112747192
2.1645357608795166
2.093201160430908
1.6840016841888428
1.998127818107605
2.1407907009124756
1.4081968069076538
1.3156065940856934
2.5747594833374023
2.7029025554656982
1.685605525970459
0.7888666391372681
1.4148879051208496
1.3925702571868896
1.4058009386062622
2.25424861907959
2.964907169342041
2.511475086212158
1.8907115459442139
1.9965927600860596
1.4154961109161377
2.9955878257751465
2.594571113586426
2.626066207885742
2.909620761871338
1.521864414215088
1.9859721660614014
1.572667121887207
2.09492826461792
1.8638540506362915
2.3204429149627686
2.476806163787842
2.2699148654937744
1.750725269317627
1.676002860069275
1.4810864925384521
3.228297710418701
2.4469122886657715
1.9856736660003662
2.041468858718872
2.0136165618896484
0.8289120197296143
2.4803924560546875
2.300572395324707
2.226017475128174
1.7157390117645264
1.4917770624160767
1.4680044651031494
1.8335235118865967
3.027893304824829
2.0862016677856445
2.2596113681793213
1.5227710008621216
0.919538140296936
1.0713022947311401
1.4071093797683716
1.1953082084655762
1.384014368057251
1.5288186073303223
1.114068865776062
1.5428236722946167
1.536766767501831
1.346880316734314
2.0327651500701904
1.9116244316101074
2.2292025089263916
1.6129378080368042
1.5751640796661377
1.912690281867981
1.2962254285812378
1.725737452507019
0.7364962100982666
1.5996227264404297
1.0628890991210938
1.6675735712051392
1.04013192653656
2.333080530166626
1.2443326711654663
1.8470131158828735
1.2055227756500244
1.9790760278701782
1.298524022102356
1.529665231704712
1.4326192140579224
1.227863073348999
1.069713830947876
1.423142671585083
1.118176817893982
1.6508090496063232
1.3271414041519165
1.590973138809204
1.1256937980651855
2.2627851963043213
1.920379877090454
1.7110545635223389
1.6824820041656494
1.616702675819397
1.1582896709442139
1.784990668296814
1.6684956550598145
1.572050929069519
0.5547493696212769
1.0068016052246094
1.1726410388946533
0.9094511270523071
1.6434686183929443
1.4551479816436768
1.9755454063415527
1.578904628753662
0.8056253790855408
1.538496494293213
1.8477778434753418
1.5592832565307617
1.7949522733688354
1.4594967365264893
1.685865879058838
1.8057352304458618
1.4714407920837402
2.3613176345825195
1.655914306640625
1.9508838653564453
2.180187225341797
1.8815944194793701
1.734696626663208
1.409520149230957
1.319500207901001
1.419044017791748
1.9556286334991455
1.7381064891815186
1.4927608966827393
1.582026481628418
0.8179700374603271
0.8566258549690247
0.8591170907020569
3.4963369369506836
2.481823682785034
2.0701076984405518
2.27520489692688
1.887425422668457
2.108393669128418
1.9358563423156738
2.0170440673828125
2.656165599822998
1.8346781730651855
1.5809664726257324
1.8420121669769287
2.199538230895996
1.2694287300109863
1.7998263835906982
1.6032967567443848
2.075446128845215
1.8590433597564697
2.390502452850342
1.9524210691452026
2.391169548034668
1.589659571647644
1.5329328775405884
1.9288690090179443
2.2890677452087402
1.6731131076812744
1.6673682928085327
0.7790861129760742
2.9450414180755615
3.021118640899658
2.388685464859009
2.062136650085449
2.6729543209075928
2.9082043170928955
2.8817930221557617
1.9389076232910156
2.385777711868286
2.2066292762756348
2.6297624111175537
2.385859251022339
2.196641683578491
2.0921123027801514
2.413074016571045
2.395346164703369
2.268157482147217
1.982576847076416
2.370448112487793
2.3999013900756836
2.480292797088623
2.402946949005127
2.4494802951812744
2.9839279651641846
2.5243148803710938
1.950048565864563
1.6747971773147583
1.2669763565063477
2.3289103507995605
0.881263256072998
1.2991451025009155
1.7430050373077393
3.408477306365967
3.3395371437072754
2.304152250289917
3.5277020931243896
2.7346935272216797
3.6477270126342773
3.598968029022217
2.901557445526123
2.8289546966552734
1.4165725708007812
1.3164026737213135
1.3929171562194824
1.6874829530715942
3.163684368133545
2.315004825592041
2.8763184547424316
2.314136028289795
2.027583122253418
1.8985137939453125
2.4821228981018066
2.0885238647460938
2.188586473464966
2.24759578704834
3.0191450119018555
2.173269271850586
2.027036190032959
2.940822124481201
1.1525559425354004
3.3511478900909424
3.6575191020965576
3.5511555671691895
2.9919865131378174
1.2011525630950928
3.7453126907348633
3.570931911468506
2.2470128536224365
2.3800435066223145
1.9020013809204102
2.4129111766815186
3.4803850650787354
2.680270195007324
1.7822656631469727
1.8732702732086182
1.8851193189620972
1.3274668455123901
1.6506541967391968
3.390913486480713
4.086294174194336
3.6444754600524902
2.574695110321045
1.9302935600280762
2.1250133514404297
1.7437541484832764
1.9362348318099976
2.0779669284820557
2.292609930038452
2.3261501789093018
0.6697028279304504
0.9467441439628601
1.229156494140625
1.414642572402954
1.2849961519241333
1.6423869132995605
1.8336087465286255
1.8537013530731201
3.073286533355713
3.5689809322357178
3.030252456665039
2.8371715545654297
2.7124130725860596
3.258513927459717
3.2963104248046875
3.594944477081299
3.6420845985412598
3.2572619915008545
2.4527268409729004
2.8467814922332764
2.4286136627197266
2.328582286834717
2.823610782623291
3.337770462036133
3.110292673110962
2.4336044788360596
2.0594592094421387
1.7283586263656616
1.9871909618377686
2.505260944366455
0.5118491649627686
0.8138588666915894
1.1064702272415161
0.8442100882530212
1.5905251502990723
1.4206206798553467
1.7608320713043213
2.728987693786621
2.004192590713501
0.8145435452461243
2.0890653133392334
0.8205530643463135
1.4894434213638306
0.9445112943649292
0.7807912826538086
1.16269052028656
1.8388628959655762
3.254495620727539
1.9092414379119873
2.1939198970794678
2.076908588409424
1.9758340120315552
1.874894142150879
1.994356393814087
1.6708756685256958
2.031323194503784
2.405125141143799
2.15374755859375
1.4374595880508423
1.6571155786514282
1.1297330856323242
1.6366512775421143
0.9503290057182312
1.368105411529541
1.355583667755127
1.1575053930282593
1.0520838499069214
1.8864686489105225
3.2373814582824707
3.1448960304260254
4.041354656219482
1.5243016481399536
3.6002869606018066
3.140453338623047
2.5815532207489014
1.7065026760101318
2.3063273429870605
0.5909489393234253
1.0054508447647095
1.5398459434509277
3.0730996131896973
1.965640664100647
2.6758925914764404
2.9570939540863037
2.7773685455322266
1.6578775644302368
1.4083622694015503
1.148707389831543
0.9136577844619751
1.7033277750015259
1.8719290494918823
1.0786709785461426
1.979525089263916
1.2471143007278442
1.9280736446380615
1.8742974996566772
1.737121820449829
1.307421088218689
1.8512001037597656
1.4269506931304932
2.6878511905670166
3.3692739009857178
1.2775547504425049
1.7115702629089355
1.0348998308181763
1.2404026985168457
1.4153841733932495
0.7510861158370972
0.8651129007339478
1.9881792068481445
3.7419495582580566
3.108872413635254
2.148956298828125
1.875594139099121
1.8808436393737793
3.4583067893981934
3.731131076812744
3.589507579803467
3.6692709922790527
2.344938278198242
2.1252546310424805
1.7705368995666504
1.7963988780975342
1.949992060661316
1.249301791191101
2.3104467391967773
2.6768665313720703
2.9889321327209473
2.9729743003845215
2.4646589756011963
2.0630228519439697
1.8136742115020752
2.209395408630371
2.135235548019409
2.5638322830200195
3.016051769256592
1.9584496021270752
1.9009932279586792
0.903203010559082
1.0566003322601318
3.1349735260009766
3.1229212284088135
2.2689144611358643
3.3839752674102783
2.4392008781433105
1.7538379430770874
2.937558174133301
3.5083765983581543
2.316474199295044
1.9752099514007568
1.889904499053955
2.137786626815796
1.5270729064941406
1.3759455680847168
1.1965527534484863
1.203675389289856
1.4464887380599976
1.6093409061431885
1.8306472301483154
0.696000337600708
0.9423908591270447
1.15568208694458
1.2524645328521729
1.0663173198699951
1.2842756509780884
2.4546687602996826
2.3945698738098145
0.7499158978462219
3.2408804893493652
1.4505795240402222
2.11962628364563
1.627894401550293
1.2078168392181396
2.1222023963928223
2.593194007873535
2.8109383583068848
1.6432206630706787
1.4656091928482056
2.236487865447998
2.0548183917999268
2.381486415863037
1.6340985298156738
1.353811502456665
1.4397683143615723
1.4198676347732544
1.0683767795562744
1.5757023096084595
1.3094258308410645
0.8300020694732666
1.2714908123016357
0.7597001194953918
0.8884912729263306
3.530052900314331
3.3396189212799072
1.1348564624786377
3.4766995906829834
1.6437549591064453
1.5706080198287964
1.499894380569458
1.5210449695587158
2.4512507915496826
3.131652355194092
2.631082534790039
2.074096441268921
1.4002634286880493
1.9440631866455078
1.6498905420303345
2.2133235931396484
1.4503746032714844
1.4946975708007812
1.6983745098114014
2.273510456085205
2.004617214202881
2.0749571323394775
1.5148165225982666
2.098064422607422
1.8866674900054932
1.997920036315918
1.6535403728485107
0.5733190774917603
0.7225849628448486
0.628600001335144
3.30672550201416
3.5310328006744385
2.53709077835083
2.400237798690796
2.3050763607025146
0.9426764845848083
3.728050708770752
2.120518922805786
1.9358508586883545
1.908667802810669
2.060063600540161
2.0078277587890625
1.7612853050231934
1.161491870880127
1.8832640647888184
1.7911988496780396
1.7032470703125
1.4975967407226562
1.3714985847473145
1.5189568996429443
1.7696658372879028
1.6712844371795654
1.8900833129882812
1.367988109588623
1.7135400772094727
1.4211084842681885
0.9567210078239441
1.3407032489776611
1.2658054828643799
3.2417445182800293
3.193361520767212
3.0470032691955566
1.4161615371704102
1.5893160104751587
2.678598642349243
2.558685541152954
2.9183924198150635
2.615339994430542
1.8152474164962769
1.7043383121490479
1.1759493350982666
1.3026527166366577
1.300374984741211
1.7402005195617676
2.3862204551696777
2.838284969329834
1.0846567153930664
2.2905800342559814
1.4699785709381104
2.4416096210479736
1.5174543857574463
2.252739429473877
1.7807015180587769
2.0385172367095947
1.9938251972198486
1.4965534210205078
2.0702755451202393
0.5946849584579468
0.7387750148773193
0.7294095754623413
2.7046427726745605
3.4999613761901855
3.536705493927002
2.855520248413086
2.88519287109375
1.99109947681427
3.087618112564087
2.7460741996765137
3.2024104595184326
2.6923203468322754
2.2190847396850586
2.0808653831481934
1.8559118509292603
2.188894748687744
2.3388185501098633
2.1665725708007812
2.0690832138061523
2.2737293243408203
2.288876533508301
2.1366961002349854
2.244436740875244
3.1337192058563232
3.087538003921509
3.0612776279449463
2.994325637817383
2.7986629009246826
2.9109716415405273
0.606194019317627
2.5639331340789795
2.169219493865967
2.915071487426758
2.3468198776245117
1.7157680988311768
0.9136090278625488
0.7433286905288696
2.450469493865967
1.693171501159668
1.4040029048919678
1.3813517093658447
2.2032947540283203
1.7971681356430054
1.6994025707244873
1.7967714071273804
2.7086894512176514
1.7353967428207397
1.1860063076019287
1.6292998790740967
2.804455041885376
2.1496238708496094
2.5057196617126465
2.5289664268493652
2.4457054138183594
2.40458345413208
1.3790549039840698
1.6122668981552124
1.987084150314331
2.2760539054870605
0.5682270526885986
0.9479073882102966
1.097862958908081
3.3227994441986084
3.372619867324829
1.94991934299469
2.648216724395752
2.8460981845855713
2.897974967956543
2.891364812850952
3.074436902999878
2.542048931121826
2.610839605331421
2.0711512565612793
2.40008544921875
1.9361684322357178
1.5048941373825073
1.4580055475234985
1.964182734489441
2.012267827987671
1.7889302968978882
2.146599531173706
2.168616771697998
2.120609998703003
2.3256237506866455
1.9613673686981201
1.8143696784973145
2.14552903175354
2.9143173694610596
1.8769303560256958
0.2321714609861374
1.6099328994750977
1.1742085218429565
1.9519433975219727
1.716526985168457
1.788955807685852
1.6386035680770874
1.774863839149475
1.8552569150924683
2.0068562030792236
2.7950384616851807
2.316596508026123
2.4151358604431152
1.0084917545318604
1.4393987655639648
1.9106887578964233
1.0724254846572876
2.209871768951416
1.7283337116241455
1.917140245437622
1.5979562997817993
1.6359531879425049
1.5982649326324463
1.555126428604126
1.4739571809768677
1.9019486904144287
1.8643548488616943
1.8908611536026
1.7147538661956787
1.7384165525436401
0.710777759552002
0.9655725955963135
3.02032470703125
2.907228708267212
2.928633213043213
0.9780245423316956
1.5690934658050537
0.9236931204795837
1.4896745681762695
1.844627022743225
2.475897789001465
1.9350987672805786
2.148897409439087
1.876920223236084
2.4622645378112793
2.028900623321533
2.082085132598877
1.8144621849060059
2.0186779499053955
1.188292384147644
2.8285868167877197
2.4677937030792236
2.4516735076904297
2.0851306915283203
2.1003942489624023
1.7253953218460083
2.498889207839966
2.21103835105896
1.819993257522583
1.305688500404358
0.868010401725769
1.2272849082946777
2.9821534156799316
1.6635608673095703
1.6724954843521118
1.930322289466858
1.8887580633163452
2.9057211875915527
2.3340654373168945
1.88099205493927
1.6646416187286377
1.961256980895996
1.8220845460891724
2.564336061477661
2.0282044410705566
2.512857437133789
2.1021838188171387
2.029329776763916
1.8923219442367554
1.8042844533920288
1.7068233489990234
1.811828374862671
1.906226396560669
1.9256982803344727
1.7550897598266602
1.7983698844909668
1.8334441184997559
2.47452974319458
2.0315933227539062
1.9301244020462036
0.6912490129470825
0.9285588264465332
0.7322336435317993
1.529266357421875
2.5622406005859375
2.361111640930176
1.1043424606323242
2.837029457092285
2.1098709106445312
2.345271348953247
0.8746261596679688
1.8933624029159546
2.20804500579834
2.293102264404297
1.8819279670715332
1.885047197341919
2.0887789726257324
1.6796562671661377
1.1638169288635254
1.7631442546844482
1.7999252080917358
2.3519668579101562
2.7305362224578857
2.6420414447784424
2.6817891597747803
2.2814137935638428
2.2559237480163574
1.469070553779602
1.429826259613037
0.9482806921005249
0.7510848045349121
0.9710732698440552
0.8066881895065308
1.3233511447906494
1.3330063819885254
2.802482843399048
2.294646739959717
1.7354156970977783
3.066068649291992
1.636553406715393
1.714642882347107
1.8531205654144287
1.337667465209961
1.456646203994751
2.2581191062927246
2.752652645111084
2.690640926361084
2.325868606567383
1.7348315715789795
1.315511703491211
1.8454147577285767
1.4159903526306152
2.3939452171325684
2.316720485687256
1.339432716369629
1.057740330696106
1.1051901578903198
2.3132779598236084
2.2708845138549805
1.2502803802490234
2.444617748260498
0.9286773204803467
1.3560693264007568
1.2795746326446533
2.453305244445801
1.5727853775024414
2.546328067779541
2.2306859493255615
3.266270637512207
2.5110368728637695
2.5354316234588623
3.000513792037964
2.2250781059265137
1.7184969186782837
2.8258109092712402
3.2245278358459473
3.077427625656128
2.4865574836730957
2.4572339057922363
2.467561960220337
1.8048534393310547
1.135705590248108
2.069585084915161
1.6074601411819458
1.7756974697113037
1.74153733253479
3.7683353424072266
3.092634677886963
3.1710729598999023
1.7165194749832153
2.9402804374694824
1.9538474082946777
2.9221396446228027
2.181232213973999
1.9518325328826904
2.422003746032715
2.3291587829589844
1.5978424549102783
1.5745385885238647
1.7343089580535889
2.6103429794311523
1.6985961198806763
1.817742109298706
2.505425214767456
2.2545766830444336
1.9441437721252441
2.551795244216919
1.1568646430969238
1.555676817893982
2.519033670425415
2.2753875255584717
1.8095225095748901
1.7739259004592896
1.724307656288147
1.8312079906463623
1.3187897205352783
1.3149757385253906
1.8016116619110107
2.4011075496673584
1.8081045150756836
0.6053426265716553
0.7635120749473572
2.8198082447052
2.3919765949249268
2.823171377182007
3.0837173461914062
3.3238537311553955
3.208287000656128
2.588244676589966
2.1426784992218018
2.6278743743896484
2.785492420196533
3.1316728591918945
2.4081900119781494
1.7450401782989502
2.2851622104644775
3.481326103210449
3.5640106201171875
3.44091796875
2.9480533599853516
2.8757009506225586
2.445448875427246
3.1929352283477783
2.4853992462158203
3.232163906097412
2.8536202907562256
1.9696760177612305
2.840242624282837
2.4851155281066895
2.6748046875
0.5622997879981995
0.8987101316452026
0.6810706257820129
1.4134079217910767
2.617556571960449
3.2235946655273438
2.743415594100952
3.3430840969085693
2.9992005825042725
2.832132577896118
1.4760531187057495
1.541361689567566
1.9841185808181763
2.654369831085205
3.1449697017669678
2.4389595985412598
2.0053746700286865
2.967008590698242
3.402355194091797
2.3526878356933594
2.589648962020874
2.148092269897461
1.8122644424438477
2.209805488586426
2.323169708251953
3.3512215614318848
3.136492967605591
2.9492712020874023
2.3641114234924316
1.9050461053848267
1.2044196128845215
1.1632639169692993
3.026185989379883
1.6430686712265015
2.1749119758605957
1.712026596069336
1.9397810697555542
1.7555246353149414
1.892755389213562
2.0229673385620117
1.6094473600387573
1.7246415615081787
1.4704562425613403
1.6563693284988403
1.1485607624053955
1.5600665807724
0.9286273717880249
1.5768076181411743
1.2219505310058594
1.2476493120193481
1.2210750579833984
1.3206075429916382
1.7246479988098145
1.355074167251587
1.1879756450653076
1.7491885423660278
1.9562095403671265
1.4706132411956787
2.1165003776550293
1.0665383338928223
0.6359663009643555
0.922997236251831
1.0216292142868042
1.164536714553833
1.3063417673110962
1.3142322301864624
1.314474105834961
1.7295618057250977
1.7469829320907593
1.6385204792022705
1.6338143348693848
2.8804821968078613
3.3439903259277344
2.671783208847046
2.247161388397217
2.2937822341918945
3.005146026611328
1.8958557844161987
2.1743733882904053
1.9080729484558105
2.489851951599121
2.485724687576294
2.8872199058532715
2.3867430686950684
2.3803234100341797
2.5348503589630127
2.5526416301727295
1.7941155433654785
3.2374696731567383
2.1188650131225586
1.0454384088516235
3.377047538757324
2.9583282470703125
3.325927972793579
2.5235328674316406
3.082902431488037
1.2014070749282837
1.1048827171325684
1.2241652011871338
1.0142940282821655
1.550444483757019
1.3798956871032715
2.3302721977233887
0.6542612910270691
3.5483222007751465
2.0174994468688965
1.581815481185913
1.0385030508041382
1.1981161832809448
1.2620134353637695
1.2059088945388794
1.130927562713623
1.0923839807510376
1.470319151878357
1.3658792972564697
1.3109967708587646
1.4512892961502075
0.9318265318870544
1.6264138221740723
1.8644096851348877
0.6289492845535278
0.7433627843856812
0.9593291282653809
1.3579994440078735
0.6922945976257324
0.5771558284759521
0.7206486463546753
0.7215268015861511
1.7331383228302002
2.63529109954834
2.853774070739746
2.21104097366333
1.1828887462615967
1.4283390045166016
1.8987942934036255
1.3643523454666138
1.0231274366378784
0.7802736759185791
2.5396745204925537
3.2455320358276367
2.4513771533966064
1.206396222114563
2.4915292263031006
2.216935634613037
2.6634058952331543
2.1463706493377686
2.1793885231018066
1.8767547607421875
1.6757103204727173
1.4404010772705078
2.3251121044158936
1.7811362743377686
2.562943935394287
1.7266356945037842
2.4748098850250244
2.9827380180358887
2.6140565872192383
1.7552173137664795
1.7071728706359863
1.1861385107040405
2.3757410049438477
1.3945895433425903
1.6019470691680908
1.2195271253585815
2.691594123840332
2.149304151535034
1.538422703742981
0.7068378925323486
0.8662147521972656
0.6970731616020203
3.538459539413452
2.821521759033203
3.0117437839508057
3.5182886123657227
2.8293259143829346
1.6074038743972778
1.587505578994751
3.0518126487731934
3.443314552307129
3.132145881652832
1.5918924808502197
1.5011107921600342
1.0114182233810425
1.3889391422271729
1.5771987438201904
1.967132568359375
2.2400760650634766
1.8745583295822144
2.084799289703369
3.4203062057495117
3.067106246948242
2.5182085037231445
3.3216118812561035
2.5618064403533936
2.919297456741333
1.9334969520568848
1.371129035949707
1.0738844871520996
1.5443928241729736
2.032233238220215
1.7616840600967407
2.8862316608428955
2.1594181060791016
1.9188169240951538
2.1003222465515137
1.4536148309707642
1.9170507192611694
1.1208655834197998
1.7841061353683472
2.550875663757324
2.2030510902404785
2.2389252185821533
2.182788610458374
1.2632982730865479
2.3231658935546875
1.9359354972839355
2.011143684387207
2.4229815006256104
2.727745532989502
2.181303024291992
2.1590423583984375
1.0210566520690918
1.8280665874481201
1.414942741394043
1.1568305492401123
1.6831810474395752
1.8058830499649048
