0.9278309941291809
0.924457848072052
2.0632333755493164
1.1204617023468018
1.3938524723052979
1.6572399139404297
1.9810597896575928
1.9723725318908691
1.2693140506744385
0.6241627931594849
0.15095439553260803
0.5770291686058044
1.317476749420166
0.705951452255249
1.8816766738891602
1.9336497783660889
1.892329216003418
1.9826757907867432
1.9234867095947266
1.1879234313964844
0.5918256044387817
1.0207653045654297
0.38360387086868286
0.5568787455558777
0.3920256495475769
0.7212228178977966
1.8054783344268799
1.4622836112976074
0.877912700176239
1.209892988204956
0.779826819896698
0.9091008305549622
1.0022225379943848
0.8580777049064636
0.9711089730262756
2.0191450119018555
2.0380189418792725
2.00583553314209
0.598219096660614
2.003511428833008
1.39542555809021
1.603752851486206
0.2981424629688263
1.653794765472412
0.940187394618988
1.9797568321228027
1.4927122592926025
1.1376104354858398
1.5601823329925537
1.2353315353393555
1.131748914718628
1.9230754375457764
1.3307387828826904
1.2430496215820312
0.8503672480583191
1.1896493434906006
1.2558207511901855
1.0897300243377686
1.3518271446228027
0.838867723941803
0.6444891095161438
0.38902032375335693
0.19824817776679993
0.9837424159049988
1.9267058372497559
1.7431690692901611
1.666754961013794
2.0506808757781982
1.3040173053741455
1.6545536518096924
0.911573588848114
0.9832826256752014
0.23503181338310242
0.30472809076309204
1.2933285236358643
0.969173014163971
1.4154117107391357
1.2973637580871582
1.8960208892822266
0.9579614400863647
0.47132712602615356
0.776622474193573
0.5497356057167053
0.6748477816581726
0.07948192954063416
0.30624261498451233
0.08975240588188171
0.039736732840538025
0.10547032952308655
0.0001340024173259735
0.8980633020401001
0.9562894701957703
0.9639113545417786
1.1596450805664062
1.637251853942871
1.7545058727264404
1.020343542098999
1.1853938102722168
0.994655430316925
1.4662468433380127
2.08457612991333
1.589054822921753
1.208420991897583
0.9887760877609253
1.0629899501800537
0.9802588820457458
1.1921987533569336
1.046982765197754
1.171353816986084
0.7868043780326843
0.9373427629470825
1.8641016483306885
1.7206227779388428
1.1162586212158203
1.1232664585113525
1.2925879955291748
0.6668039560317993
1.1217896938323975
0.7914743423461914
0.8006314635276794
1.155724048614502
1.0210444927215576
2.1925032138824463
2.135098934173584
1.390070915222168
1.5255663394927979
1.6289753913879395
2.0697782039642334
2.047598123550415
1.9299366474151611
1.4845614433288574
1.3737788200378418
1.1564512252807617
1.6584899425506592
1.4871327877044678
1.9440853595733643
0.1228102594614029
1.3151233196258545
0.8857967853546143
0.17517352104187012
0.13294418156147003
0.1300857663154602
0.3214806914329529
1.1151721477508545
0.15127229690551758
0.1792600452899933
0.3740125298500061
0.5145698189735413
0.9326961040496826
0.5418335795402527
0.9966784715652466
0.9652013778686523
2.07637095451355
1.921543836593628
1.0795366764068604
0.9681748151779175
1.7030537128448486
1.7738571166992188
1.2920386791229248
1.0925722122192383
1.050466775894165
1.1107394695281982
1.112785816192627
1.2814319133758545
1.1145946979522705
1.0812556743621826
1.6211199760437012
1.1640374660491943
1.7112517356872559
1.579819917678833
1.7715256214141846
1.5167596340179443
1.1838939189910889
0.9378977417945862
0.7930842041969299
1.1766295433044434
1.1042547225952148
1.0147249698638916
1.0308864116668701
0.7062385678291321
0.6116505861282349
0.8090465664863586
0.7566360235214233
1.0416758060455322
0.6697619557380676
0.8076160550117493
0.4536770284175873
0.6329838633537292
0.8263208270072937
1.2055234909057617
0.638894259929657
0.584147572517395
0.49813413619995117
0.7033660411834717
0.8809322714805603
0.9534178376197815
0.32164549827575684
0.49056705832481384
0.7165802121162415
0.34138065576553345
0.4357050061225891
1.5082471370697021
1.7974393367767334
1.9774231910705566
1.8884811401367188
1.9642438888549805
2.042691946029663
0.9429237246513367
0.2511026859283447
1.7410252094268799
1.273404598236084
1.1619877815246582
1.052534818649292
1.9498326778411865
1.7271435260772705
1.626509428024292
1.2637369632720947
1.2215545177459717
0.8222470879554749
0.11277275532484055
1.4831488132476807
0.8475690484046936
0.011320985853672028
0.0909997820854187
0.798775851726532
0.42230045795440674
0.8011112809181213
1.414870023727417
1.8117332458496094
2.178008794784546
1.3973805904388428
1.8199758529663086
1.829253911972046
1.3139173984527588
1.6364641189575195
1.4672355651855469
1.5200753211975098
1.9228909015655518
1.6381752490997314
1.3690783977508545
1.9282023906707764
1.9901926517486572
2.0401992797851562
1.9723930358886719
1.9530832767486572
1.9968910217285156
1.9118480682373047
1.4947295188903809
1.5549542903900146
1.4322338104248047
1.2112319469451904
1.223318338394165
1.6437370777130127
0.5361043214797974
1.6221439838409424
1.2735450267791748
1.2963180541992188
1.4824855327606201
1.8679609298706055
1.0654265880584717
1.1398863792419434
2.1315391063690186
1.288933515548706
1.0422887802124023
1.9219317436218262
2.0211598873138428
1.1819870471954346
0.9176651835441589
1.0817532539367676
0.9869169592857361
1.2384026050567627
0.9884487986564636
0.7478926181793213
1.4802920818328857
1.3297803401947021
1.4389073848724365
1.23740553855896
1.0102760791778564
1.5674707889556885
1.567528247833252
1.2796785831451416
1.436812400817871
1.94889497756958
1.802661418914795
1.9641907215118408
1.9127023220062256
1.8245983123779297
0.76839679479599
0.3138989806175232
0.8247625231742859
0.8020487427711487
2.053762912750244
2.120875835418701
1.9253296852111816
1.757828950881958
1.942044973373413
1.7732634544372559
1.4196476936340332
0.987883985042572
0.4648149013519287
1.781111717224121
1.17734694480896
0.838710606098175
0.21680407226085663
0.028156735002994537
0.3680049180984497
0.9194386005401611
0.6743356585502625
0.8146164417266846
1.842663049697876
1.459305763244629
1.8908390998840332
1.9074187278747559
1.1992764472961426
1.9776241779327393
0.9016479849815369
1.196319580078125
0.026431716978549957
0.019311238080263138
0.8586204648017883
0.8616782426834106
1.050311803817749
1.1343066692352295
2.008632183074951
1.983001470565796
1.9493861198425293
1.1654250621795654
1.2297108173370361
1.134695291519165
1.9690792560577393
0.7383294701576233
1.6100707054138184
2.0040647983551025
1.9667444229125977
1.762632131576538
1.8705635070800781
1.0843372344970703
0.834324061870575
1.0068974494934082
1.904982089996338
1.908677577972412
1.4307405948638916
0.3686741888523102
1.7292389869689941
1.947632074356079
1.5953681468963623
2.0759196281433105
2.040703296661377
0.2710663676261902
0.5792965292930603
0.5804439783096313
0.4503360390663147
0.40220391750335693
0.5981783866882324
1.8693439960479736
1.877657413482666
1.0102550983428955
1.485170602798462
1.0854029655456543
2.1351873874664307
2.079087734222412
1.9832327365875244
2.1083953380584717
1.069789171218872
0.9842290878295898
0.28533560037612915
0.019797496497631073
0.9791328310966492
0.672548234462738
1.8519456386566162
1.6079933643341064
0.7709838151931763
0.21888114511966705
0.9232352375984192
1.5555500984191895
0.863192617893219
0.47033220529556274
0.5091505646705627
0.014906026422977448
0.4929020404815674
0.04773090407252312
0.045371390879154205
0.09502148628234863
1.0560667514801025
0.9022934436798096
0.997999906539917
1.3028509616851807
1.9276390075683594
1.3069002628326416
1.6186108589172363
0.861573338508606
0.9427205324172974
0.8813311457633972
1.025489091873169
0.8628717064857483
1.0731709003448486
1.5994150638580322
0.9515593647956848
1.2354612350463867
1.8361997604370117
1.3689875602722168
1.5423648357391357
1.146286964416504
1.4255595207214355
1.1991336345672607
0.7985031604766846
0.7401769757270813
0.7927303910255432
0.5351796746253967
0.930607259273529
1.3764617443084717
0.9689231514930725
1.1396362781524658
1.0913825035095215
1.5342514514923096
1.1625354290008545
1.607663869857788
1.151078224182129
1.1816749572753906
1.2087323665618896
1.3981914520263672
1.125755786895752
1.1100058555603027
1.0205371379852295
1.1658775806427002
0.9462661147117615
1.4805033206939697
1.040799617767334
1.0257501602172852
0.8305543661117554
0.23470363020896912
1.2163679599761963
1.7660539150238037
1.2441017627716064
0.9373477101325989
0.9306173920631409
1.7648324966430664
1.157069206237793
1.6664936542510986
0.8096011281013489
0.935225784778595
1.0388667583465576
1.0613784790039062
0.623492956161499
1.2302896976470947
1.980949878692627
1.0456252098083496
0.973005473613739
1.1371264457702637
1.1541736125946045
0.6579260230064392
1.297034740447998
1.4001576900482178
1.2833609580993652
1.2568309307098389
1.1602447032928467
2.0070650577545166
1.0267257690429688
0.6879493594169617
1.1983213424682617
1.530853509902954
1.5294899940490723
1.1011571884155273
1.2099993228912354
1.1337549686431885
1.9731218814849854
1.008913516998291
0.9975247979164124
1.0753159523010254
0.9330233931541443
0.8534601330757141
1.0850982666015625
2.092663049697876
1.5791854858398438
1.6918866634368896
1.6708369255065918
1.3166487216949463
1.3544440269470215
1.0464906692504883
1.660670518875122
2.0179319381713867
1.2585535049438477
0.7130395770072937
0.9388329982757568
1.1827752590179443
0.8157515525817871
0.9162866473197937
0.6064143180847168
0.5258575677871704
0.24553117156028748
0.3924122452735901
0.2295764982700348
1.2314238548278809
0.9976957440376282
0.9503459334373474
0.41749119758605957
0.21927176415920258
0.5479044318199158
0.025386475026607513
1.0928397178649902
1.5215957164764404
1.9185535907745361
1.8235998153686523
1.371455192565918
1.98215651512146
1.3430461883544922
1.4839658737182617
1.4696474075317383
1.579390048980713
1.3443267345428467
2.025792121887207
2.0465097427368164
1.7275540828704834
1.3391060829162598
1.7486903667449951
1.7753798961639404
1.5489094257354736
1.2648046016693115
1.8061621189117432
1.8154914379119873
2.062380313873291
1.6051208972930908
1.9713964462280273
2.0129175186157227
1.8217389583587646
0.885205090045929
0.07759098708629608
0.5878123641014099
0.9754146933555603
0.6368170380592346
0.39655381441116333
0.4959454834461212
2.0814778804779053
2.086120128631592
1.5824878215789795
2.0535099506378174
1.9875681400299072
2.1700661182403564
2.0794897079467773
2.093736410140991
1.9651834964752197
1.1096596717834473
1.0713694095611572
1.0312929153442383
1.8895726203918457
2.0104801654815674
1.5598623752593994
1.6109132766723633
1.250736951828003
1.1137502193450928
1.485431432723999
1.7524588108062744
1.6996424198150635
1.9425225257873535
1.886343240737915
1.9059181213378906
1.1497724056243896
1.1569454669952393
1.9136686325073242
1.142482042312622
1.9933247566223145
2.2063159942626953
2.186469793319702
2.061051845550537
1.2346758842468262
1.9749457836151123
2.111583948135376
1.3399658203125
2.0371341705322266
1.3576693534851074
1.9948680400848389
2.0970304012298584
1.8371410369873047
1.149491786956787
1.584977626800537
1.5480661392211914
1.1923539638519287
1.645662546157837
2.103952407836914
2.1088883876800537
2.0732932090759277
2.0225422382354736
1.8117640018463135
0.8950441479682922
0.6671134233474731
1.6336369514465332
0.7735408544540405
0.21816018223762512
-0.017131339758634567
0.9423275589942932
0.6558549404144287
0.6010382175445557
0.9516022801399231
1.4610061645507812
1.523664951324463
1.4594643115997314
1.574676513671875
2.1015405654907227
2.1264638900756836
2.0632545948028564
1.996239423751831
2.0049946308135986
2.100774049758911
2.148618221282959
2.124509811401367
2.0981695652008057
2.1319196224212646
1.9225921630859375
2.1045615673065186
1.8364307880401611
1.891939640045166
2.0631189346313477
2.0338566303253174
1.9939849376678467
1.8966374397277832
1.609846830368042
0.29908546805381775
0.9758040904998779
0.5605431795120239
0.8639270663261414
1.0099503993988037
1.5854015350341797
1.101926565170288
1.61232328414917
1.1216444969177246
1.7324044704437256
2.070589303970337
0.264687180519104
0.8939383625984192
1.4971344470977783
0.859982967376709
0.5203489065170288
0.4230329394340515
1.1670773029327393
1.3754956722259521
1.997223138809204
2.0857815742492676
1.878718614578247
1.147658348083496
2.0570037364959717
1.1800897121429443
1.8638224601745605
1.3223636150360107
0.8308742642402649
0.2991897761821747
1.9486417770385742
1.952660083770752
0.552075207233429
0.39873790740966797
0.9130217432975769
1.3694546222686768
1.0516736507415771
1.2017602920532227
1.216773271560669
0.9315410256385803
1.1449799537658691
1.3649930953979492
2.1698100566864014
2.1610097885131836
2.165376663208008
1.1194252967834473
2.1087734699249268
2.1248183250427246
1.7486186027526855
1.058056354522705
1.5253543853759766
1.1008634567260742
1.2302734851837158
1.5535290241241455
2.040992259979248
1.939699649810791
2.040127754211426
2.067919969558716
1.6066522598266602
1.1056952476501465
1.1108577251434326
1.106825590133667
1.0813276767730713
1.8643138408660889
1.6107807159423828
1.2856450080871582
1.8382055759429932
1.1959710121154785
1.0150372982025146
0.4854361116886139
1.2037920951843262
1.034271001815796
0.1798873096704483
0.8336735367774963
1.6360487937927246
2.006939172744751
0.7793212532997131
0.35048240423202515
0.8516961932182312
0.6580657362937927
0.3883892297744751
0.8160995841026306
0.8295132517814636
1.803300380706787
2.122297525405884
2.149353265762329
1.6056394577026367
1.7306571006774902
1.2750811576843262
2.1178884506225586
2.0995049476623535
1.958817481994629
1.9967832565307617
1.7419812679290771
1.2211034297943115
0.2388550043106079
0.14296069741249084
0.19869574904441833
0.4049682021141052
0.12018144875764847
0.30411583185195923
0.07166065275669098
0.9049862027168274
1.82053804397583
1.460697889328003
0.8335545063018799
1.1491010189056396
1.2333893775939941
1.5024347305297852
1.8720369338989258
1.6599586009979248
2.0280251502990723
1.2006371021270752
1.3778269290924072
2.016969680786133
2.078265428543091
2.0169994831085205
2.1141343116760254
1.861116886138916
1.719980239868164
0.6197448372840881
2.060922622680664
1.856511116027832
1.777155876159668
1.3614404201507568
0.07277834415435791
1.0049500465393066
0.7171529531478882
0.8741305470466614
0.8524298071861267
0.7735790610313416
0.4829847812652588
-0.01221146434545517
0.6284309029579163
0.49609941244125366
0.4467020034790039
0.5951114892959595
1.0213701725006104
1.0242156982421875
1.848708152770996
1.437906265258789
1.049060583114624
1.9822323322296143
1.1008007526397705
0.7815811038017273
0.8097196221351624
0.9406158328056335
1.5118639469146729
1.7407467365264893
2.0018937587738037
1.419548511505127
1.5389323234558105
1.9890248775482178
0.7373782992362976
0.4215816855430603
0.8820042014122009
1.233647346496582
1.5612077713012695
1.0683231353759766
0.7168735861778259
0.27419644594192505
0.2342076152563095
0.5871257185935974
1.0015087127685547
1.1121103763580322
1.2137901782989502
2.052546739578247
2.021007537841797
1.1842517852783203
2.1448073387145996
1.3297460079193115
1.7940824031829834
1.308302640914917
1.4261870384216309
1.860483169555664
2.0019192695617676
1.9990861415863037
1.502406120300293
1.1218783855438232
0.9640932083129883
1.2683565616607666
1.7763984203338623
1.137685775756836
1.2089755535125732
1.4724676609039307
1.2155640125274658
1.0217812061309814
0.521597683429718
1.2448205947875977
1.0642049312591553
0.5435778498649597
0.2331376075744629
1.1355984210968018
0.9078064560890198
0.937553346157074
0.9348077774047852
2.111330032348633
2.094240188598633
2.123505115509033
2.1208438873291016
2.08087158203125
1.2305076122283936
2.091020107269287
1.8803842067718506
2.000561475753784
1.4375298023223877
1.6763498783111572
2.010880470275879
1.9433257579803467
1.0987269878387451
1.1432127952575684
1.205230474472046
1.18778395652771
1.134979486465454
1.3543007373809814
1.3233904838562012
1.9589135646820068
1.3879873752593994
1.9467086791992188
1.067948341369629
1.9118800163269043
1.4787116050720215
0.9912649989128113
0.36749887466430664
0.7418937087059021
1.9813735485076904
2.0997047424316406
1.2274179458618164
1.58925199508667
1.2055776119232178
2.1514720916748047
2.106315851211548
2.0343856811523438
0.927083432674408
1.9845402240753174
1.618145227432251
1.1795806884765625
1.437610387802124
1.2504770755767822
1.2124760150909424
0.9307411313056946
1.9906620979309082
1.0482048988342285
1.1248486042022705
1.098555326461792
1.9088134765625
1.1993389129638672
1.4108598232269287
0.7827571034431458
1.8147716522216797
1.7986304759979248
0.771412193775177
0.18560214340686798
0.9582852125167847
1.011659860610962
1.053619384765625
1.9471054077148438
2.1888413429260254
2.1479902267456055
2.1445045471191406
2.1716182231903076
2.0986623764038086
2.1064114570617676
2.117861270904541
2.1464667320251465
1.1477015018463135
1.9392354488372803
1.9334917068481445
1.8478617668151855
1.9563581943511963
1.9367506504058838
1.0080032348632812
0.43756213784217834
0.48526567220687866
1.9571173191070557
1.981825590133667
1.8923895359039307
2.0784151554107666
2.0695745944976807
0.05219683796167374
1.8587193489074707
0.5691118836402893
1.409330129623413
0.8043342232704163
1.3645315170288086
0.9728660583496094
2.13094162940979
1.8921277523040771
1.8555657863616943
1.2181377410888672
1.3633620738983154
1.995321273803711
1.824662685394287
1.0437822341918945
1.1507103443145752
0.29815077781677246
1.9865739345550537
1.8677966594696045
1.9303169250488281
2.0547690391540527
1.9013659954071045
1.297116994857788
1.9266936779022217
2.0509228706359863
2.031386613845825
2.0489766597747803
1.981208324432373
2.0266385078430176
2.078732967376709
1.5450341701507568
1.3316195011138916
0.34042835235595703
0.13687193393707275
0.9268766641616821
0.7475902438163757
0.9859460592269897
2.100219488143921
2.1169943809509277
1.7197866439819336
1.8361639976501465
1.7424192428588867
2.0363078117370605
2.1021816730499268
2.0510363578796387
1.9677631855010986
1.4506611824035645
0.9717203974723816
1.0014138221740723
1.1753075122833252
1.032799243927002
0.9865947365760803
0.9740037322044373
0.9290615320205688
0.7817639708518982
1.1064302921295166
0.9443266987800598
1.346036672592163
0.7634401917457581
1.006314992904663
1.1912989616394043
1.840693473815918
1.9716057777404785
1.7564897537231445
0.7537447214126587
0.8301839828491211
1.0922799110412598
0.7789764404296875
1.2088470458984375
1.0590252876281738
0.8580679297447205
0.8734318614006042
1.1261663436889648
1.3286893367767334
1.8890693187713623
0.21376098692417145
0.2561627924442291
0.9317288994789124
1.0192198753356934
1.8504431247711182
0.9905771613121033
1.7792201042175293
1.3864316940307617
1.5353617668151855
0.5798148512840271
1.1878232955932617
1.0771901607513428
1.0381619930267334
0.935783326625824
0.6510652899742126
0.33373329043388367
0.5275998115539551
0.6254889369010925
0.4321885108947754
0.876099169254303
0.5410263538360596
2.037109851837158
2.086275815963745
1.9483342170715332
0.9637628197669983
0.8333693146705627
0.8506372570991516
0.48749005794525146
1.7002882957458496
1.8775591850280762
1.8348920345306396
1.0050418376922607
1.8178632259368896
1.620898723602295
1.8906362056732178
1.5694561004638672
1.6305510997772217
1.5070772171020508
1.5072760581970215
2.0406086444854736
1.489295244216919
0.2250373810529709
1.633901834487915
0.27306509017944336
1.7362713813781738
1.6288695335388184
1.802032709121704
0.700729489326477
0.7311749458312988
1.0379934310913086
1.1069092750549316
2.03560209274292
1.2072651386260986
1.3656837940216064
1.6743745803833008
1.5828652381896973
1.9920368194580078
1.8973779678344727
1.2996971607208252
1.1383392810821533
1.0879130363464355
1.0470166206359863
1.3222436904907227
1.034733772277832
0.5303928256034851
1.2572104930877686
0.6473919153213501
0.6954230666160583
0.8386570811271667
0.9417504668235779
0.6828960180282593
0.5273504853248596
0.2091878056526184
0.38789135217666626
1.0198767185211182
1.233940839767456
1.2939953804016113
0.7495488524436951
0.2768472135066986
0.8267119526863098
0.7371439337730408
0.9942314028739929
1.0848515033721924
1.9678542613983154
1.9859447479248047
1.1338486671447754
1.9244654178619385
0.855254054069519
1.0499560832977295
0.6614437699317932
0.36785122752189636
0.19427713751792908
-0.06200263649225235
0.07328277081251144
0.06069333106279373
0.3686690628528595
0.31897759437561035
0.40427500009536743
1.001577377319336
1.0263466835021973
0.6109979748725891
1.2028439044952393
0.09211255609989166
0.8029168844223022
1.3147127628326416
1.0433251857757568
0.10546920448541641
0.0481271892786026
0.6885448098182678
0.45039939880371094
0.6337400078773499
0.6281155943870544
0.49562904238700867
0.9296256899833679
1.5624687671661377
1.193373203277588
1.4845130443572998
1.7892320156097412
0.7655710577964783
0.5326988101005554
1.1554255485534668
0.9252299666404724
0.58137446641922
0.22633510828018188
1.8612067699432373
1.2172760963439941
1.0461223125457764
1.0724787712097168
0.7967238426208496
0.47351324558258057
0.41307881474494934
0.0013954006135463715
0.10755246132612228
0.22568866610527039
0.6016603112220764
0.6376871466636658
0.3001917004585266
0.030102450400590897
0.2869461476802826
1.8220703601837158
0.7589737176895142
0.3861231803894043
0.31743472814559937
1.7793664932250977
1.251401662826538
1.9972255229949951
2.022103786468506
2.122309923171997
2.081348180770874
2.080296039581299
2.1585285663604736
1.9548723697662354
1.360002040863037
2.052135467529297
1.854424238204956
2.0172102451324463
1.948359489440918
0.962920069694519
1.0329272747039795
0.7460630536079407
0.8667909502983093
0.6460428833961487
0.4204271137714386
0.8459299206733704
1.0398223400115967
1.8173608779907227
1.9663734436035156
1.9987525939941406
1.3668620586395264
2.016947031021118
1.8645267486572266
2.0987613201141357
2.094205379486084
2.014634132385254
2.012460470199585
1.993025779724121
1.8250463008880615
2.032467842102051
2.0249128341674805
1.578967809677124
1.1938443183898926
1.3591618537902832
2.007640838623047
1.4732356071472168
1.781055212020874
2.0085020065307617
1.2354886531829834
1.9108431339263916
0.5970792174339294
0.38891899585723877
0.21595260500907898
0.3885955810546875
0.3042322099208832
0.27712583541870117
0.695770263671875
0.776309072971344
0.2998887896537781
1.3810017108917236
1.043349027633667
1.060335397720337
1.0664680004119873
2.1716723442077637
2.088327407836914
2.056891918182373
1.9410929679870605
1.8905084133148193
1.836738109588623
0.0984891951084137
0.7059665322303772
-0.019496705383062363
-0.0014683790504932404
0.1928495466709137
1.3615508079528809
0.8640028834342957
1.795013666152954
1.945002794265747
2.047443389892578
2.1485462188720703
2.145643711090088
2.1158037185668945
2.0682621002197266
2.098294496536255
1.8415966033935547
2.076232671737671
1.7894346714019775
1.7303988933563232
2.0275416374206543
1.778864860534668
2.070699691772461
0.7611864805221558
0.8847983479499817
0.7597267627716064
0.4118196964263916
0.7776825428009033
2.0443191528320312
1.5440504550933838
2.071894884109497
2.1301445960998535
2.119906187057495
1.1736724376678467
1.7974281311035156
2.0031144618988037
2.0206403732299805
2.1089351177215576
2.0523505210876465
1.8829047679901123
2.049285411834717
2.108536958694458
1.9099528789520264
1.6580283641815186
0.7141575217247009
1.8712749481201172
1.326688528060913
2.022425889968872
2.0397446155548096
2.021026611328125
1.9859673976898193
0.5303637385368347
0.2273467779159546
0.3791341185569763
0.5513536930084229
2.091386318206787
1.3806054592132568
1.7667853832244873
1.7610018253326416
1.8612687587738037
1.7875638008117676
1.099135160446167
2.000063419342041
1.4702997207641602
1.659348964691162
0.9203842282295227
0.6617921590805054
1.1710505485534668
1.4947853088378906
0.8930407166481018
0.7906497120857239
0.7772157788276672
0.8743405938148499
0.7497496604919434
0.6311469674110413
0.578432559967041
0.5507227182388306
0.8995030522346497
0.5876041054725647
0.9225980639457703
0.9399499297142029
1.4659175872802734
0.8699548840522766
0.634986400604248
0.382654070854187
0.3624122440814972
0.7489224076271057
0.8187112212181091
1.3362233638763428
0.9137559533119202
1.866166353225708
1.4469664096832275
1.1679551601409912
1.3860857486724854
2.075059652328491
2.084540605545044
2.055366039276123
2.054769992828369
2.091062307357788
2.0352914333343506
1.4877228736877441
1.866053581237793
1.495680332183838
1.823338508605957
2.093006134033203
2.073460102081299
1.9111087322235107
1.9551899433135986
1.9674785137176514
1.5863280296325684
1.88199782371521
2.1191229820251465
1.5769398212432861
1.1104357242584229
2.104839563369751
2.0116286277770996
2.1076772212982178
1.9289147853851318
2.1158957481384277
1.8389508724212646
1.5340821743011475
1.5155200958251953
1.2146761417388916
1.8232004642486572
1.3225433826446533
1.9426393508911133
1.1881768703460693
2.0580976009368896
1.7876825332641602
1.0987353324890137
1.0354230403900146
1.2348542213439941
1.1282274723052979
1.1709723472595215
0.9470358490943909
1.055783987045288
0.9869905114173889
0.9894492030143738
0.9192233681678772
0.6383787989616394
0.7800375819206238
1.1381511688232422
1.0830028057098389
0.43254783749580383
0.3810744285583496
0.30318117141723633
0.49835866689682007
1.0034008026123047
1.002676248550415
1.1319820880889893
0.9889132380485535
1.8434994220733643
2.0420846939086914
2.073974847793579
2.049584150314331
1.8080008029937744
1.2606534957885742
1.9081850051879883
1.832306146621704
1.4442505836486816
1.0250401496887207
1.6797459125518799
2.1833271980285645
2.0417792797088623
1.2061214447021484
1.5682568550109863
1.8786957263946533
1.1049156188964844
1.6185815334320068
1.4092023372650146
1.1797194480895996
1.150655746459961
0.926337718963623
1.0355556011199951
1.3495545387268066
1.957268476486206
0.42423027753829956
0.9776630997657776
1.9545974731445312
1.7662768363952637
0.9200356006622314
0.5593158602714539
0.9982985854148865
1.1779322624206543
0.9126156568527222
0.6524967551231384
0.9908179640769958
1.8425891399383545
0.02749081701040268
0.04485641419887543
0.7778910994529724
0.8866307735443115
0.9857602119445801
2.077993869781494
2.0726194381713867
2.1196084022521973
2.1430587768554688
2.072671413421631
1.321674108505249
1.4971191883087158
0.9434033036231995
2.0344841480255127
1.6543834209442139
1.0851342678070068
1.3124628067016602
1.126891851425171
1.1920173168182373
1.0034489631652832
0.8104743361473083
1.4684710502624512
1.1583151817321777
1.1213982105255127
1.830092191696167
1.0878515243530273
1.7751257419586182
2.0135996341705322
1.975893259048462
2.024258613586426
1.9081685543060303
1.2260541915893555
0.5448962450027466
0.2112044245004654
0.10448547452688217
0.5711378455162048
1.7012810707092285
1.1361255645751953
1.6125218868255615
1.0813782215118408
1.0329291820526123
1.7652926445007324
1.144667148590088
1.1479268074035645
1.4496173858642578
1.6260113716125488
0.5906371474266052
1.886897087097168
1.03466796875
1.2747461795806885
1.841057538986206
1.1281535625457764
1.864391803741455
1.9607720375061035
0.9669384360313416
1.83048415184021
1.0448496341705322
1.5710639953613281
0.6221402883529663
0.7206082940101624
0.7293002009391785
1.1288878917694092
