0.4489743113517761
1.2296888828277588
2.397146463394165
0.7513707280158997
1.1185221672058105
1.2263363599777222
2.154008150100708
2.155775785446167
1.1985996961593628
1.1648244857788086
1.2610745429992676
1.2321460247039795
0.9579340219497681
1.2125940322875977
1.636767029762268
1.7595155239105225
2.1690104007720947
2.062730550765991
1.6359241008758545
1.4393151998519897
1.4131135940551758
1.3899803161621094
1.0930923223495483
1.0924289226531982
0.8597272634506226
0.9391580820083618
1.7946094274520874
1.2964931726455688
0.5217702984809875
1.1272109746932983
0.48762810230255127
0.5963302850723267
0.48031219840049744
1.02096426486969
0.8050709366798401
2.881007432937622
2.855069637298584
1.8297163248062134
1.8323564529418945
2.105736017227173
2.625656843185425
2.0687143802642822
1.7031142711639404
1.225960373878479
1.713341474533081
1.7357845306396484
1.6434907913208008
1.1348943710327148
1.3703032732009888
1.3251712322235107
1.3097255229949951
1.318846583366394
1.2414215803146362
1.0329644680023193
0.8475785255432129
0.8012417554855347
0.8273345232009888
1.0078208446502686
0.8914808630943298
0.7933440804481506
0.6166457533836365
0.8827540874481201
0.9464526772499084
1.896153450012207
2.8883917331695557
2.423095703125
2.1820387840270996
3.1705639362335205
1.4244623184204102
1.5533127784729004
1.7242295742034912
1.1745792627334595
2.4600045680999756
1.6829805374145508
2.75870680809021
2.6033713817596436
2.4743287563323975
2.8903095722198486
2.3941378593444824
0.6852710843086243
0.8975660800933838
1.2832401990890503
1.0188390016555786
0.6211499571800232
1.1427282094955444
0.9890928864479065
1.552548885345459
1.1487425565719604
1.029016137123108
1.4361486434936523
0.47284623980522156
0.6217377185821533
0.5669460892677307
0.6928112506866455
1.5752439498901367
1.2581371068954468
0.7256639003753662
0.9863043427467346
0.9041658043861389
1.3686933517456055
3.1638736724853516
1.917281150817871
0.6613135933876038
0.9279459714889526
1.108006477355957
1.3995790481567383
1.4466056823730469
1.4776394367218018
1.5038371086120605
2.36104416847229
1.5834593772888184
1.7931185960769653
1.644396424293518
0.9550338983535767
0.8807279467582703
1.6493173837661743
2.121145248413086
0.9941169619560242
0.3825528621673584
0.6030750274658203
0.6327502131462097
0.8731875419616699
3.58469557762146
3.3855342864990234
2.5992581844329834
2.0018410682678223
2.0587916374206543
2.7623045444488525
2.8426594734191895
2.512685775756836
1.9965819120407104
2.088120222091675
2.1221113204956055
2.171191930770874
2.2960093021392822
2.7693817615509033
2.345172643661499
2.4166033267974854
2.4287729263305664
2.587515354156494
2.3394250869750977
2.514498233795166
2.5984270572662354
2.2723095417022705
2.080289840698242
2.2598392963409424
1.9511840343475342
1.954458236694336
1.8272122144699097
1.897193193435669
0.5926488637924194
0.6631384491920471
2.8335163593292236
1.9814321994781494
1.8385827541351318
2.2514097690582275
1.7489407062530518
1.7534841299057007
1.5995973348617554
1.6139552593231201
1.8935812711715698
1.4757802486419678
1.6413047313690186
2.0885050296783447
1.6692960262298584
1.9643819332122803
1.64736008644104
1.374476671218872
1.7408562898635864
2.317819118499756
2.3376941680908203
1.8576452732086182
1.6996248960494995
1.640852689743042
0.9473637938499451
1.831223487854004
0.9815382361412048
1.4429600238800049
1.6060301065444946
1.227168083190918
0.7058786153793335
0.7241478562355042
0.5289258360862732
0.5892284512519836
1.1326231956481934
0.8780206441879272
1.3075581789016724
0.903174638748169
0.7040328979492188
0.6270956993103027
0.648941159248352
0.615354061126709
0.6098016500473022
0.42047494649887085
0.6045113205909729
0.6832612752914429
0.6370725631713867
0.4624713361263275
0.45552799105644226
0.9660079479217529
1.024641513824463
2.2318077087402344
2.5033915042877197
3.1975300312042236
2.674412250518799
2.9893813133239746
3.554136276245117
1.9136792421340942
2.666865110397339
2.0891027450561523
2.4163358211517334
2.0687263011932373
2.153301239013672
2.5289745330810547
2.6034934520721436
2.112381935119629
2.6743500232696533
2.1325738430023193
1.8909897804260254
1.6429641246795654
1.9161022901535034
2.13327693939209
2.152620315551758
2.1896848678588867
2.059494972229004
1.9374703168869019
2.83606219291687
2.7008779048919678
2.1970317363739014
3.290745496749878
2.341611862182617
2.2603282928466797
1.8803921937942505
2.169788122177124
2.0488107204437256
1.9973249435424805
2.4170401096343994
1.9959791898727417
2.015479564666748
1.7190823554992676
1.8256943225860596
1.9697918891906738
1.977082371711731
1.8206894397735596
2.0994725227355957
1.751835823059082
1.6618831157684326
1.5382004976272583
1.7365357875823975
1.7928919792175293
1.8965314626693726
1.6356701850891113
2.0427470207214355
1.974761962890625
2.1150121688842773
1.9035241603851318
2.0434651374816895
1.851346492767334
2.1177303791046143
0.5992366075515747
1.0296293497085571
3.1257150173187256
2.2939276695251465
3.227217674255371
3.01005220413208
2.7622315883636475
1.2591348886489868
1.4557770490646362
1.2815210819244385
0.8501764535903931
1.7988725900650024
1.6879335641860962
2.1289379596710205
2.9918649196624756
2.4977869987487793
2.3161237239837646
1.7648385763168335
0.9355931282043457
2.2319629192352295
2.248723030090332
2.2410950660705566
3.179738759994507
2.92832088470459
2.7503387928009033
2.5180675983428955
2.5185418128967285
2.6220333576202393
1.9855382442474365
2.7915351390838623
0.8077111840248108
1.157339096069336
3.122032403945923
3.5742547512054443
3.4861092567443848
3.2277884483337402
2.9421634674072266
2.8767387866973877
2.8112599849700928
2.6559534072875977
2.355647325515747
3.229621410369873
2.6809709072113037
2.5460574626922607
2.3079631328582764
2.2486586570739746
2.439589500427246
2.3136401176452637
1.702143669128418
2.656843423843384
2.961963653564453
2.0138471126556396
2.1804380416870117
2.540583610534668
2.2525365352630615
2.1617391109466553
2.2434983253479004
2.24847674369812
1.0697309970855713
0.945981502532959
0.5581927299499512
0.8062820434570312
1.8466029167175293
2.157012701034546
2.3519320487976074
2.3007633686065674
1.9604299068450928
1.8692259788513184
1.711653709411621
2.2646944522857666
2.96553897857666
2.79380202293396
2.608752965927124
2.7255403995513916
2.2146947383880615
2.4719724655151367
3.3444159030914307
2.4918763637542725
2.397486686706543
2.146949529647827
1.850577712059021
1.716971516609192
1.4294180870056152
1.93161940574646
2.426342010498047
2.1683671474456787
1.786442756652832
2.2449474334716797
2.5201706886291504
1.2322893142700195
0.6428096294403076
0.7160314321517944
0.9342114329338074
0.9817088842391968
1.7457220554351807
2.9696643352508545
2.300154685974121
1.8936858177185059
1.8568896055221558
1.207410454750061
3.464799642562866
2.9579787254333496
3.1740615367889404
3.229980707168579
2.2310874462127686
2.449007272720337
1.5529097318649292
2.325989246368408
2.1561009883880615
2.4973490238189697
3.3293473720550537
2.401972770690918
2.5174577236175537
2.2772409915924072
1.5222383737564087
3.2934763431549072
2.854973554611206
2.2115442752838135
2.072880744934082
2.4646575450897217
0.5547736287117004
0.9991357326507568
0.9064276218414307
1.0300763845443726
1.0269591808319092
1.0439401865005493
1.0591787099838257
1.4149391651153564
2.223797082901001
1.9725509881973267
2.5704853534698486
1.417386531829834
0.4082275331020355
1.1516993045806885
1.4415035247802734
1.3579468727111816
2.1535990238189697
2.2338502407073975
0.844799280166626
1.6204742193222046
1.7511401176452637
1.4365869760513306
1.263521432876587
2.7464561462402344
2.838334560394287
1.9140576124191284
1.8916075229644775
1.9628242254257202
1.6434154510498047
1.978067398071289
0.38535624742507935
1.089439034461975
0.7077240943908691
1.0443744659423828
0.8620100617408752
1.6636303663253784
1.0881398916244507
1.5292245149612427
0.6691932678222656
1.141797661781311
0.5849087238311768
1.2176685333251953
1.0204635858535767
0.5522832274436951
0.6454545259475708
0.860748827457428
0.7523025274276733
0.9098500609397888
0.7741755247116089
1.0094412565231323
0.7300221920013428
1.3417383432388306
1.08738374710083
0.9437878727912903
1.306226134300232
1.191545009613037
0.5056859254837036
1.500962734222412
0.8881319761276245
0.8773021697998047
0.3706077039241791
0.4627534747123718
0.6535307765007019
0.5898672342300415
1.603082537651062
1.0617780685424805
1.5369089841842651
1.108546257019043
0.6105957627296448
1.0067672729492188
2.0097639560699463
1.4774328470230103
1.776475191116333
2.180992603302002
2.015160083770752
2.0792229175567627
1.1987661123275757
2.359873056411743
1.8944368362426758
1.8646641969680786
1.5774821043014526
1.2460638284683228
1.3665562868118286
1.3220696449279785
1.30088210105896
0.8063733577728271
1.074587106704712
1.0915892124176025
1.6703089475631714
0.5647133588790894
0.7528414130210876
0.7144743800163269
0.9817310571670532
3.62036395072937
3.139352798461914
2.7432539463043213
3.3168187141418457
2.8666937351226807
2.809748888015747
2.781264066696167
3.1178019046783447
3.063708543777466
2.4308736324310303
2.124321222305298
2.2425827980041504
2.516707420349121
1.593965768814087
2.3459908962249756
2.0468270778656006
2.0686283111572266
2.029507875442505
2.2907302379608154
2.3468027114868164
2.914879322052002
2.168774127960205
1.8958790302276611
1.5419723987579346
1.8534784317016602
1.9920144081115723
0.8805928230285645
0.8791183233261108
2.4989869594573975
3.2266952991485596
2.1269564628601074
1.9598467350006104
2.635187864303589
2.91695237159729
2.4119410514831543
2.0773191452026367
2.0546741485595703
2.065901517868042
1.9973690509796143
2.0587501525878906
2.050262928009033
1.9362812042236328
2.1582770347595215
2.1033053398132324
2.1937243938446045
2.1262481212615967
2.0394110679626465
2.0906293392181396
2.107023239135742
2.259438991546631
2.801197052001953
2.4098925590515137
2.199897289276123
1.2065597772598267
0.7911759614944458
0.8896286487579346
1.3966761827468872
0.5089139342308044
0.8418967723846436
0.8675320148468018
3.144615888595581
3.056471347808838
2.225698471069336
2.5874273777008057
2.4314868450164795
3.2282605171203613
3.190068006515503
1.9286422729492188
2.5888025760650635
1.3653368949890137
1.284557819366455
1.4617159366607666
1.8901245594024658
2.1138322353363037
2.113912343978882
2.450702667236328
2.3583953380584717
2.2929866313934326
1.6635395288467407
2.1444742679595947
2.801693916320801
2.6797029972076416
2.4399356842041016
2.9787893295288086
2.9662225246429443
2.6215288639068604
2.9072206020355225
0.5223544836044312
1.9929447174072266
3.2800981998443604
3.035463333129883
2.827570676803589
0.8141560554504395
2.7062976360321045
2.9710426330566406
2.3001816272735596
2.986706256866455
2.219431161880493
2.4147634506225586
2.955509901046753
1.896315574645996
2.0026967525482178
1.924015998840332
1.394363522529602
1.4117658138275146
1.6498374938964844
3.3646247386932373
3.4994754791259766
3.197126865386963
2.3370473384857178
1.4898930788040161
1.722240686416626
1.7761445045471191
1.8338311910629272
1.6121433973312378
1.4913861751556396
1.95147705078125
0.5207911133766174
0.5998638272285461
0.7207158207893372
0.7723072171211243
1.0464342832565308
1.7233132123947144
1.6824471950531006
1.7587618827819824
2.2448556423187256
2.4781553745269775
2.155362606048584
2.046978235244751
2.5896754264831543
3.1234030723571777
3.133347749710083
3.0145211219787598
2.908884048461914
2.409959554672241
1.8468087911605835
1.899728775024414
2.029292345046997
1.9190659523010254
2.0331320762634277
2.3714818954467773
2.1735970973968506
2.126605749130249
1.4756156206130981
1.5238972902297974
1.1455715894699097
1.9014389514923096
0.4105193018913269
0.47029411792755127
0.8968955278396606
0.5529634952545166
1.2786511182785034
0.7811296582221985
1.693756341934204
2.335789442062378
1.0220253467559814
0.6049224138259888
1.3495655059814453
0.5443914532661438
1.1474436521530151
0.5230798721313477
0.6419234275817871
0.735946774482727
1.3676785230636597
2.7425808906555176
1.6746660470962524
1.7534388303756714
2.2487635612487793
1.887702465057373
1.6605944633483887
1.641793131828308
1.3895647525787354
1.2626336812973022
1.9618332386016846
1.7824480533599854
1.2472878694534302
1.3769704103469849
0.6900604367256165
1.4107649326324463
0.6865737438201904
1.1249618530273438
1.0804399251937866
0.2915481925010681
0.7660484910011292
1.7706630229949951
3.2321741580963135
3.2657477855682373
3.2914302349090576
0.7702033519744873
2.588787078857422
2.425938606262207
2.316396713256836
1.294882893562317
2.4046239852905273
0.6428110003471375
0.7017286419868469
1.139460802078247
2.258451223373413
1.7807389497756958
2.321808099746704
2.6230733394622803
2.042673349380493
1.415245532989502
1.2622625827789307
0.91923987865448
0.8658180236816406
1.1263415813446045
1.3301936388015747
0.9440968036651611
1.3969459533691406
0.9700045585632324
1.6929028034210205
1.3311318159103394
1.4960265159606934
1.1322094202041626
1.4206992387771606
0.5244105458259583
2.2158091068267822
2.6283578872680664
1.0772037506103516
1.4145528078079224
0.600610077381134
0.7438687086105347
0.8187898397445679
0.7827649116516113
0.7704018950462341
1.5683870315551758
2.6870064735412598
2.489405393600464
1.5222851037979126
1.3350415229797363
1.14314603805542
2.973015069961548
2.93664813041687
2.6981704235076904
2.4239189624786377
1.8213354349136353
1.3587181568145752
0.872468113899231
1.6300097703933716
1.0549103021621704
0.6367026567459106
1.302342176437378
1.209594964981079
1.4402616024017334
1.9026480913162231
1.6839765310287476
1.7288792133331299
1.2908798456192017
1.417098879814148
1.249084711074829
1.5513325929641724
1.8358391523361206
1.6069974899291992
2.3201777935028076
0.8452813029289246
0.9587287902832031
3.228055715560913
3.2654569149017334
2.567934274673462
2.678790807723999
2.219367504119873
1.4630157947540283
2.7516510486602783
3.1223247051239014
3.1453185081481934
2.0281033515930176
1.8394958972930908
2.498983144760132
1.4712598323822021
1.5861650705337524
0.8898979425430298
1.4473824501037598
1.1871848106384277
1.5019056797027588
1.5064382553100586
0.3945770561695099
0.4751805365085602
0.6675469279289246
0.5847838521003723
0.6947206854820251
1.3118079900741577
2.0433175563812256
2.5535728931427
0.7047917246818542
2.960785150527954
1.2692912817001343
1.7522474527359009
0.8840928077697754
0.8697247505187988
1.3393843173980713
2.0347020626068115
2.928706645965576
1.74332857131958
1.381904125213623
2.3689935207366943
1.6765151023864746
1.6191750764846802
1.4012969732284546
1.120060682296753
1.1246991157531738
0.9092025756835938
0.7497076392173767
0.8830897808074951
0.5913318395614624
0.376348078250885
1.0168977975845337
0.8070859909057617
0.7847127318382263
2.258349895477295
2.6224172115325928
1.1370878219604492
3.2252085208892822
1.4244486093521118
1.8599940538406372
1.5742952823638916
2.076791286468506
2.1906609535217285
2.069483995437622
1.9832254648208618
1.6542295217514038
1.2207804918289185
1.3804559707641602
1.409867286682129
1.5926263332366943
1.2638195753097534
1.4559049606323242
1.735975980758667
1.4994909763336182
1.8411798477172852
1.422853946685791
1.5129139423370361
1.582313895225525
1.7707295417785645
1.676508903503418
1.7629799842834473
0.4957753121852875
0.5928044319152832
0.5373450517654419
2.251368284225464
3.0347938537597656
2.0496127605438232
2.4655990600585938
1.861906886100769
1.401970624923706
2.522488594055176
1.6408286094665527
1.6100914478302002
1.991694450378418
1.7294930219650269
1.506547451019287
1.2610474824905396
1.4100162982940674
1.8388530015945435
1.3640167713165283
1.355017066001892
1.4917213916778564
1.5130374431610107
1.465767741203308
1.5695734024047852
1.453379511833191
1.6536650657653809
1.2212034463882446
1.3068357706069946
1.1614207029342651
0.6460450887680054
0.9382965564727783
1.0529377460479736
3.153611898422241
3.1809661388397217
3.061185121536255
1.613062858581543
1.591462254524231
3.0157055854797363
3.474186897277832
3.3821935653686523
3.279885768890381
2.3764801025390625
1.8397412300109863
1.0102537870407104
1.1784833669662476
1.2731575965881348
1.983530879020691
1.8589863777160645
2.6288256645202637
1.0176618099212646
1.6360623836517334
0.886206328868866
1.657392978668213
1.3083842992782593
1.947615623474121
1.1429921388626099
1.457880973815918
1.3778464794158936
1.8107852935791016
1.8900432586669922
0.545218288898468
0.5464738011360168
0.4483433961868286
2.203777551651001
3.7307448387145996
3.5491127967834473
2.9077353477478027
3.2109384536743164
2.7949326038360596
3.275733709335327
2.8032467365264893
3.219219923019409
2.505324125289917
1.8910757303237915
2.0418176651000977
2.216752767562866
2.165461540222168
2.2170639038085938
1.9390863180160522
1.7398459911346436
2.2071399688720703
2.0808019638061523
2.074035167694092
2.70064377784729
3.000947952270508
3.125458002090454
3.0242209434509277
2.8902244567871094
3.0190577507019043
3.1815783977508545
0.35125842690467834
1.330968976020813
1.6520485877990723
2.7252795696258545
2.655559539794922
1.3973982334136963
0.8863938450813293
0.9957324266433716
1.7381272315979004
1.5208696126937866
1.0763698816299438
0.7789724469184875
1.5161802768707275
1.5747694969177246
1.3606128692626953
1.5543307065963745
2.057528495788574
1.5092213153839111
1.2840964794158936
1.6219584941864014
2.362736701965332
1.8318564891815186
2.3630781173706055
2.3655312061309814
2.97292160987854
2.5771679878234863
2.022623062133789
1.8390107154846191
2.2788784503936768
2.2718594074249268
0.6015130281448364
0.775626540184021
0.8565232753753662
3.206920862197876
3.576254367828369
2.5810940265655518
3.015261650085449
3.234736680984497
3.1061947345733643
2.8041751384735107
2.9192721843719482
2.621954917907715
2.5745110511779785
2.3151755332946777
2.395359754562378
2.3475148677825928
2.1886651515960693
2.1389448642730713
2.5807414054870605
2.480849027633667
2.2494821548461914
2.2034850120544434
2.4115214347839355
2.4931044578552246
3.025097608566284
2.2923202514648438
2.3758656978607178
3.1554129123687744
3.1862943172454834
2.7197537422180176
0.4513291120529175
1.991290807723999
1.580682635307312
2.9999423027038574
2.0914862155914307
2.7257838249206543
2.2523677349090576
1.971034288406372
2.6475234031677246
2.920851469039917
3.0523874759674072
2.434875726699829
2.467620849609375
1.9242385625839233
1.912937045097351
2.210470676422119
1.5450589656829834
2.3810205459594727
1.9218883514404297
1.8465404510498047
1.9134832620620728
2.0501887798309326
1.7344332933425903
2.0468339920043945
2.1797375679016113
2.5707900524139404
2.3951847553253174
2.147696018218994
1.7673921585083008
2.1826112270355225
0.6954800486564636
0.8854672908782959
2.733175039291382
2.516606330871582
2.5012543201446533
0.9165027737617493
1.7768583297729492
0.8648511171340942
1.4351215362548828
1.6785428524017334
2.418644428253174
2.0619373321533203
2.036259412765503
1.1503736972808838
1.7942616939544678
1.9850623607635498
1.8887274265289307
1.8202495574951172
1.9143308401107788
0.7673232555389404
2.4215495586395264
2.005683660507202
2.4468257427215576
2.008220911026001
2.2041025161743164
1.7227126359939575
1.9372884035110474
1.6956491470336914
1.9301753044128418
1.1305906772613525
0.7669361233711243
2.0608487129211426
3.4551751613616943
1.8189796209335327
2.47843074798584
2.2770397663116455
2.8217720985412598
3.1283960342407227
2.5756213665008545
2.2266530990600586
2.097440719604492
2.1532533168792725
2.1827549934387207
2.3549563884735107
2.103802442550659
2.108693838119507
1.859539270401001
1.8293107748031616
1.8891040086746216
1.7638362646102905
1.763628363609314
1.8970450162887573
2.1016123294830322
2.121718645095825
2.032581329345703
1.7777272462844849
1.6257191896438599
1.6830545663833618
1.4113657474517822
1.224461317062378
0.7394095659255981
0.8380709886550903
1.2866944074630737
2.3276584148406982
3.2758240699768066
3.314011812210083
1.3732179403305054
2.1074914932250977
1.878127098083496
2.2718124389648438
1.058728575706482
2.0861263275146484
1.8271251916885376
2.180006265640259
1.8239493370056152
2.2189135551452637
1.970761775970459
1.6806894540786743
1.0771993398666382
1.7480229139328003
2.0419795513153076
2.3041255474090576
2.576007604598999
2.5609323978424072
2.178591251373291
2.360509157180786
1.8881282806396484
1.3956025838851929
0.7985900640487671
0.601789116859436
0.6272162199020386
0.658582866191864
0.706267774105072
0.9940264225006104
1.0272096395492554
2.2926852703094482
1.7928340435028076
1.859513521194458
1.7826883792877197
0.9111655354499817
1.4390711784362793
1.7376174926757812
1.1262216567993164
1.63620126247406
1.6131539344787598
2.6057093143463135
2.4359617233276367
1.8226441144943237
1.4912528991699219
0.8192408680915833
1.016943097114563
0.9450165033340454
1.184187889099121
1.151666522026062
0.9733191728591919
0.7020227909088135
0.7140088677406311
0.8915961980819702
1.0697624683380127
0.6206116676330566
1.7512469291687012
0.6921923756599426
0.8726702928543091
0.9153650403022766
1.3217885494232178
1.1673997640609741
2.0821621417999268
1.8594999313354492
2.659018039703369
2.12634015083313
2.185397148132324
2.7592833042144775
2.2738711833953857
1.4899526834487915
3.0280439853668213
3.210468053817749
3.1870925426483154
2.9132513999938965
3.140777826309204
2.3691000938415527
2.1670403480529785
1.411419153213501
2.088073968887329
1.848808765411377
2.271364450454712
1.6195175647735596
3.110196352005005
3.2584388256073
2.759786605834961
1.784844160079956
2.553253173828125
2.291226625442505
3.193499803543091
2.9904956817626953
2.9804656505584717
2.259291172027588
2.201756715774536
1.5295734405517578
2.1148767471313477
2.0529966354370117
2.20259690284729
1.5790607929229736
2.0568833351135254
1.8967888355255127
2.340332269668579
3.170870065689087
3.154664993286133
1.375852346420288
2.1293904781341553
2.8755264282226562
2.558138370513916
2.1516764163970947
2.4596338272094727
2.0394294261932373
1.9503403902053833
1.9106192588806152
1.9183082580566406
2.303213119506836
3.0191638469696045
2.7312870025634766
0.681177020072937
1.0023397207260132
2.561101198196411
2.8024303913116455
2.8821604251861572
2.9115359783172607
2.913300037384033
2.906378746032715
2.665318727493286
2.0345919132232666
1.9691190719604492
2.3747684955596924
2.622927665710449
2.3201088905334473
2.094312906265259
2.2592551708221436
2.0938498973846436
2.8023433685302734
2.604717969894409
2.5768542289733887
2.752739667892456
2.14901065826416
2.5377097129821777
2.3436808586120605
2.7203266620635986
2.4572246074676514
2.21158766746521
2.2387590408325195
2.106593370437622
2.2880589962005615
0.8525495529174805
0.6235358119010925
0.7532769441604614
0.8754452466964722
2.274940252304077
3.0260493755340576
2.788649797439575
2.9989917278289795
3.122959852218628
3.1374058723449707
1.784293532371521
1.8575751781463623
2.326341152191162
2.8645410537719727
3.214839220046997
3.215670108795166
2.472111701965332
3.274866819381714
3.3222098350524902
2.5537350177764893
3.018888473510742
2.258157730102539
2.5121023654937744
2.7034542560577393
3.0636541843414307
3.4775469303131104
3.5149757862091064
3.348054885864258
2.9576468467712402
2.4697694778442383
0.629467248916626
0.7971405386924744
2.5400502681732178
1.6663097143173218
2.0515329837799072
1.9982802867889404
2.1935954093933105
1.7206451892852783
1.8369394540786743
1.7836699485778809
1.288172721862793
1.5394889116287231
0.9433251619338989
1.5889732837677002
1.6219980716705322
1.6750431060791016
1.2484599351882935
1.4295659065246582
1.3445947170257568
0.9924980401992798
1.5013878345489502
1.3241766691207886
1.3523242473602295
0.7801618576049805
1.4745121002197266
1.4961211681365967
1.0650806427001953
0.7977014183998108
0.9879432916641235
0.5406843423843384
0.5050591826438904
0.4959565997123718
0.5826477408409119
0.5999234318733215
0.6213180422782898
0.9021508097648621
1.078307867050171
1.6905962228775024
1.3826024532318115
1.6209566593170166
1.706331729888916
2.9930741786956787
2.794957399368286
2.206937074661255
2.3857085704803467
2.754101276397705
2.029475688934326
1.9982593059539795
2.099635362625122
2.2962186336517334
2.3592026233673096
2.4743876457214355
2.6649625301361084
2.3481967449188232
2.0732572078704834
2.1067440509796143
2.8054232597351074
2.154299020767212
3.505776882171631
2.1584079265594482
0.6824886798858643
2.973447322845459
2.4749600887298584
2.5045533180236816
2.595562696456909
2.6247847080230713
0.9185834527015686
1.1635109186172485
0.9095128774642944
0.8283711075782776
0.9283363819122314
1.7334754467010498
1.7919236421585083
1.1406630277633667
3.268615961074829
2.351855516433716
1.4660261869430542
1.0822809934616089
1.298439860343933
1.623193383216858
1.5178706645965576
1.2959001064300537
1.0142878293991089
1.3046785593032837
1.2545740604400635
1.1736505031585693
1.2000404596328735
0.5614637136459351
1.2216455936431885
1.5254621505737305
0.37296879291534424
0.4762274920940399
0.5632885098457336
0.5727627873420715
0.43459346890449524
0.41451573371887207
0.4317513406276703
0.40411168336868286
1.321371078491211
1.9558520317077637
1.9892727136611938
1.8083170652389526
0.7677889466285706
1.1727328300476074
1.2883996963500977
1.6745436191558838
1.0320429801940918
0.5882641077041626
1.829091191291809
3.1256604194641113
2.163867473602295
1.0711339712142944
2.8759398460388184
2.3365659713745117
2.5045878887176514
2.356623888015747
1.9941824674606323
2.195284843444824
1.9332921504974365
1.1926122903823853
2.0855515003204346
1.770004153251648
2.0160844326019287
1.6374167203903198
2.0024497509002686
2.8687334060668945
2.625645875930786
1.7165414094924927
1.7896744012832642
1.8822917938232422
2.1179847717285156
1.5559818744659424
1.8922767639160156
1.854583978652954
1.575769066810608
1.3418599367141724
1.1619298458099365
0.5755637884140015
0.5759748220443726
0.4772752821445465
3.022923469543457
3.063469409942627
2.7323861122131348
2.531012535095215
1.969158411026001
1.446150779724121
1.50588858127594
2.560335636138916
2.9967057704925537
2.6825368404388428
1.3594990968704224
0.8779141306877136
1.1725050210952759
1.6397950649261475
1.2117220163345337
1.7399135828018188
2.0618486404418945
1.5026755332946777
1.062457799911499
2.042711019515991
1.6518696546554565
2.1044490337371826
2.5897414684295654
2.200796365737915
2.3698675632476807
2.07850980758667
1.300501823425293
0.6455790400505066
0.900357723236084
0.993998110294342
1.0650311708450317
2.681121587753296
2.182292938232422
1.9494843482971191
2.2543234825134277
1.231284737586975
1.5239771604537964
1.1683250665664673
1.6166508197784424
2.4335012435913086
2.912712812423706
2.6913444995880127
2.238377094268799
2.0995965003967285
2.4528298377990723
1.8065555095672607
2.2590906620025635
2.7676351070404053
2.810502290725708
1.970706820487976
2.321261167526245
1.3194729089736938
1.8328064680099487
0.7651262879371643
0.6064620018005371
0.8022101521492004
1.4928653240203857
