0.9185792803764343
0.9658852815628052
2.0949833393096924
0.8994362354278564
1.0961334705352783
1.395286202430725
1.8655080795288086
1.9787445068359375
1.4265832901000977
0.7174015045166016
0.18200312554836273
0.36725980043411255
1.1472944021224976
0.8152323365211487
1.707396149635315
2.0804283618927
1.9655530452728271
1.987825870513916
1.9831688404083252
1.4215434789657593
0.7899281978607178
0.8992757797241211
0.18927961587905884
0.3155665993690491
0.32182708382606506
0.5762901306152344
1.63615083694458
1.6109195947647095
0.9943253397941589
1.3662900924682617
0.7652884721755981
0.7332165241241455
0.7231295108795166
0.7610931396484375
0.9658733606338501
2.0824882984161377
1.9251739978790283
1.8680561780929565
0.3746776580810547
1.9352753162384033
1.431249976158142
1.8581982851028442
0.626723051071167
1.5985757112503052
0.5782578587532043
1.96958589553833
0.6704282760620117
1.0552729368209839
1.356652021408081
1.2201673984527588
0.9551423192024231
1.5995805263519287
1.1898247003555298
1.34798264503479
0.96102374792099
0.9151890873908997
1.0396944284439087
1.6264607906341553
1.4313358068466187
1.0693273544311523
0.38062867522239685
0.3307911157608032
0.15415242314338684
0.7982558012008667
1.94221031665802
1.794134497642517
1.8849589824676514
2.1127870082855225
1.4514105319976807
1.3862285614013672
1.0019862651824951
0.8440860509872437
0.15580952167510986
0.10376396775245667
1.272289752960205
0.7491217255592346
1.326513409614563
1.1703910827636719
1.8666038513183594
0.8913124799728394
0.25421279668807983
0.8426432013511658
0.6017483472824097
0.7886655926704407
0.22450131177902222
0.4227624535560608
0.331404447555542
-0.1683369129896164
0.372768759727478
0.1739877313375473
0.7928730845451355
0.8485256433486938
0.8312869071960449
1.0320802927017212
1.5424296855926514
1.490975022315979
1.0015077590942383
1.303153395652771
0.9957902431488037
1.227250099182129
1.9734870195388794
1.631552815437317
1.1319135427474976
0.9184551239013672
0.9293530583381653
1.0407105684280396
1.255564570426941
1.151950716972351
1.3361928462982178
1.062514305114746
0.9601999521255493
1.622266411781311
1.6245266199111938
1.2423341274261475
1.0717493295669556
1.3550771474838257
1.4468364715576172
1.0099045038223267
0.9597403407096863
0.7084940671920776
1.000584363937378
0.8227153420448303
2.165835380554199
2.1305320262908936
1.4452310800552368
1.4087845087051392
1.6271483898162842
1.9145653247833252
2.015653371810913
1.8391597270965576
1.5532891750335693
1.182808518409729
0.9818892478942871
1.516852855682373
1.469767689704895
1.7905807495117188
0.44990676641464233
1.3040982484817505
0.3687592148780823
0.3166842758655548
0.08520810306072235
0.23661425709724426
0.37681448459625244
1.5338948965072632
0.30433452129364014
-0.023609768599271774
0.5529834628105164
0.49882346391677856
0.9536893367767334
0.35631221532821655
0.9864113926887512
0.8650547862052917
1.990117073059082
1.9159510135650635
0.9537941813468933
1.0192347764968872
1.611850619316101
1.599655270576477
1.1372785568237305
1.2446467876434326
1.1883800029754639
1.133839726448059
1.2313364744186401
1.3885786533355713
0.9837937355041504
1.2128933668136597
1.2639551162719727
1.151629090309143
1.7376635074615479
1.8432316780090332
1.8997471332550049
1.4147276878356934
0.9503805637359619
0.6536401510238647
0.24593470990657806
1.2265030145645142
1.0687702894210815
0.7778899669647217
1.19998037815094
0.46492287516593933
0.9094048142433167
0.958566427230835
1.0169634819030762
0.9491674900054932
0.8844481110572815
0.6918420195579529
0.4445251226425171
0.552922248840332
0.8109788298606873
1.001122236251831
0.7543870210647583
0.6029014587402344
0.6521108746528625
0.7949393391609192
0.587334930896759
0.9052266478538513
0.4488894045352936
0.7222388982772827
0.7550723552703857
0.3142343759536743
0.47806644439697266
1.8716124296188354
1.9318499565124512
2.0279088020324707
2.009326219558716
2.0171265602111816
2.0191853046417236
0.9611304998397827
0.4269784390926361
1.2643334865570068
1.3951611518859863
0.8385273218154907
0.7300974726676941
1.96266508102417
1.6266183853149414
1.7790822982788086
1.410921335220337
1.4545738697052002
0.8710060715675354
0.5708826780319214
1.5814671516418457
1.3039779663085938
-0.0038608387112617493
0.0412752702832222
0.962404727935791
0.31850993633270264
0.46471476554870605
1.6814234256744385
1.9622822999954224
2.079756259918213
1.666306972503662
1.8016382455825806
1.7934385538101196
1.365977168083191
1.5140695571899414
1.5091463327407837
1.6819655895233154
1.849109172821045
1.908919095993042
1.3126106262207031
1.8088233470916748
1.8495906591415405
1.7990039587020874
1.8633548021316528
1.8880842924118042
1.762396216392517
1.7980197668075562
1.375815987586975
1.3731876611709595
1.319124460220337
0.9878275990486145
1.1300983428955078
1.689980387687683
0.4706675708293915
1.6724636554718018
1.4434914588928223
1.3651381731033325
1.6316485404968262
1.7745808362960815
0.9602122902870178
0.8444831371307373
2.0983004570007324
1.2185299396514893
0.9268328547477722
1.912269115447998
1.8963996171951294
1.045910120010376
0.8549693822860718
0.9161731004714966
0.8746722936630249
0.9868189096450806
1.0336042642593384
0.577347993850708
1.389510154724121
1.2658053636550903
1.4040088653564453
1.1259872913360596
0.9521673917770386
1.4064797163009644
1.5571712255477905
1.2594736814498901
1.7165982723236084
1.8087284564971924
1.6971625089645386
1.838779330253601
1.6219217777252197
1.8689504861831665
0.6968652606010437
0.38859522342681885
1.0968999862670898
0.8021478652954102
2.120851755142212
2.097343921661377
1.595934271812439
1.2935044765472412
1.8395541906356812
1.463649034500122
1.7908576726913452
0.8128705024719238
0.691260814666748
2.031167507171631
1.240198016166687
0.62668377161026
0.07834000885486603
-0.05548593029379845
0.10447457432746887
0.8987318277359009
0.5786515474319458
1.2614805698394775
1.97889244556427
1.6860573291778564
1.8576877117156982
1.8500030040740967
1.8076568841934204
1.9525048732757568
1.2484198808670044
1.4366371631622314
-0.09443856030702591
-0.1381511092185974
0.9249002933502197
0.9836064577102661
1.2016489505767822
1.3675448894500732
2.0408177375793457
1.9734244346618652
1.870404601097107
0.9267098307609558
1.048680067062378
1.2991619110107422
2.02146053314209
0.9238483905792236
1.7258003950119019
1.9650957584381104
1.6330108642578125
1.8379708528518677
2.0693233013153076
1.7421526908874512
0.7964082360267639
1.435630440711975
1.9528627395629883
1.9356945753097534
1.3426306247711182
0.4325101375579834
1.590293049812317
1.996808409690857
1.6162909269332886
2.0797762870788574
2.0736823081970215
0.22605851292610168
0.37744128704071045
0.24162010848522186
0.27842217683792114
0.3081287741661072
0.4331001341342926
1.8295994997024536
1.8910150527954102
0.9079385995864868
1.5593653917312622
0.9873092174530029
2.0706052780151367
2.0606887340545654
1.6984840631484985
2.067498207092285
0.9561545252799988
0.80734783411026
0.07645250111818314
-0.16113589704036713
1.0638141632080078
0.5077258944511414
1.8843716382980347
0.8655871152877808
0.7954927682876587
0.27464771270751953
0.7757235765457153
1.585776686668396
0.8315197229385376
0.473102867603302
0.4427037239074707
0.06261184811592102
0.4611876308917999
-0.12659329175949097
-0.037871960550546646
0.012108810245990753
1.1753625869750977
0.6585756540298462
0.9538264274597168
1.4932829141616821
1.859573245048523
1.348833680152893
1.6644128561019897
0.9187566041946411
0.8018940687179565
0.7797764539718628
0.7532113790512085
0.6630063056945801
0.8613200187683105
1.3174101114273071
0.8409579396247864
0.8096339106559753
1.724536418914795
1.2964003086090088
1.4884991645812988
1.390130639076233
1.8479021787643433
1.0763524770736694
0.7567612528800964
0.7249563932418823
0.7720105051994324
0.5701146721839905
0.8015892505645752
1.3238736391067505
0.9640336036682129
1.1357941627502441
0.9933740496635437
1.4124265909194946
1.1421127319335938
1.601844072341919
1.1582688093185425
1.3054733276367188
1.1144545078277588
1.335534930229187
1.1283421516418457
1.089550256729126
0.9955036640167236
1.0409066677093506
0.9167879223823547
1.576790452003479
0.9397789835929871
1.0605685710906982
0.8393277525901794
0.228876531124115
1.0256843566894531
1.431383728981018
1.0642281770706177
1.0858843326568604
0.864983081817627
1.5678648948669434
1.1273226737976074
1.825352430343628
0.8939017653465271
0.7174507975578308
0.9099510312080383
0.9620745182037354
0.40489861369132996
1.0728132724761963
1.6917715072631836
0.9008774161338806
1.0151361227035522
1.122882604598999
0.6646472215652466
0.6085984706878662
1.3209844827651978
1.4834855794906616
0.961735725402832
1.2177976369857788
1.0246093273162842
1.949478030204773
1.067296028137207
0.5608765482902527
0.856040358543396
1.7530906200408936
1.6670604944229126
1.2002382278442383
1.2764055728912354
0.43628573417663574
1.9023990631103516
1.0521440505981445
1.1302249431610107
1.2240229845046997
0.7361851334571838
0.8418050408363342
0.9208558201789856
2.0995266437530518
1.7093026638031006
1.507386565208435
1.4424993991851807
1.2629356384277344
1.3842517137527466
1.0396231412887573
1.5686503648757935
1.9077041149139404
1.1403636932373047
0.59786456823349
0.8970469236373901
1.1455796957015991
0.8429173827171326
0.9771569967269897
0.3963180184364319
0.22743691504001617
0.06979408115148544
0.1515095829963684
0.23185519874095917
1.2340354919433594
0.8109976649284363
0.9241966009140015
0.19020745158195496
0.07667063176631927
0.549841582775116
-0.14474913477897644
1.1497817039489746
1.678347110748291
1.8965961933135986
1.6019346714019775
1.3594428300857544
1.862657904624939
1.567330241203308
1.6851725578308105
1.266298770904541
1.5367218255996704
1.2327156066894531
1.9229518175125122
1.6943323612213135
1.5823884010314941
1.349806547164917
1.6811144351959229
1.5432310104370117
1.457088589668274
1.2451608180999756
1.5445671081542969
1.6643368005752563
1.9099161624908447
1.6341583728790283
1.8725749254226685
1.8778784275054932
1.7338334321975708
0.5026952028274536
0.12630867958068848
0.49844709038734436
0.7809181809425354
0.36537104845046997
0.32977622747421265
0.3344462215900421
2.0762100219726562
2.0194852352142334
1.7191288471221924
2.045369863510132
2.0452089309692383
2.108262538909912
2.063462972640991
1.9491662979125977
1.9146199226379395
0.9185449481010437
0.8835819959640503
0.6486695408821106
1.632988452911377
1.9426409006118774
1.791603922843933
1.7705206871032715
1.0989487171173096
1.092658281326294
1.6868230104446411
1.8010433912277222
1.802182674407959
1.9438929557800293
1.7600576877593994
1.840261459350586
1.25834059715271
0.9092799425125122
1.9793097972869873
1.0230813026428223
1.8330795764923096
2.128645896911621
2.1062164306640625
1.9770879745483398
1.1273608207702637
1.9404932260513306
1.814181923866272
1.0102921724319458
1.0144388675689697
1.015331506729126
1.9393715858459473
2.055485486984253
1.7414774894714355
1.1420879364013672
1.7254012823104858
1.401984453201294
1.0349292755126953
1.3633933067321777
2.0596423149108887
2.0960798263549805
2.102332592010498
1.9850893020629883
1.6067568063735962
0.5394420623779297
0.27266302704811096
0.9831312894821167
1.167156457901001
-0.05801263451576233
0.1664474904537201
0.8601579666137695
0.33339571952819824
0.3288111686706543
0.5581234097480774
1.1904871463775635
1.2246286869049072
1.3954871892929077
1.374526023864746
1.985050916671753
2.0314674377441406
1.974053978919983
1.8268873691558838
1.7437177896499634
1.9878270626068115
2.1164638996124268
2.0225789546966553
2.011512279510498
2.0335569381713867
1.973671317100525
1.9924023151397705
1.9130691289901733
1.8011115789413452
2.0357019901275635
2.001732110977173
1.934715747833252
1.7373539209365845
1.4058959484100342
0.28723520040512085
0.8464791178703308
0.20001086592674255
1.0851420164108276
1.0760992765426636
1.2648828029632568
1.0639212131500244
1.4971208572387695
1.0451946258544922
1.6331868171691895
1.8849786520004272
0.10653786361217499
0.9924427270889282
1.5717074871063232
0.8390585780143738
0.7996305227279663
0.9022942185401917
1.3625171184539795
1.4003288745880127
1.7443383932113647
2.069218635559082
1.6215492486953735
1.7933168411254883
1.9645862579345703
1.128077745437622
1.5557477474212646
1.5266029834747314
0.9451438188552856
0.34901463985443115
1.8329702615737915
1.820088505744934
0.5268550515174866
0.170125350356102
1.022079586982727
1.185784101486206
1.01033616065979
1.1589324474334717
1.2431542873382568
0.8649280071258545
0.917677104473114
1.067775011062622
2.0293190479278564
2.1091253757476807
2.1434109210968018
1.0454450845718384
1.9770355224609375
2.0746474266052246
1.8245604038238525
1.11946439743042
1.7041640281677246
1.1513583660125732
1.093015193939209
1.405198574066162
2.0857906341552734
1.8808075189590454
2.1125636100769043
1.976107120513916
1.2127597332000732
1.126470685005188
1.1673765182495117
1.109209656715393
1.1324167251586914
1.5255316495895386
1.8610111474990845
1.5019549131393433
2.0592362880706787
1.1018370389938354
0.8854076266288757
0.2578665614128113
1.024087905883789
0.8397292494773865
0.20972585678100586
0.8968582153320312
1.702300786972046
2.0744762420654297
1.4010872840881348
0.383027046918869
0.9509403705596924
0.6168394088745117
0.4202260375022888
0.8007782697677612
0.8563122749328613
1.9438421726226807
2.0961151123046875
2.0110578536987305
1.5958507061004639
1.3089500665664673
0.9759000539779663
2.0230324268341064
2.0681135654449463
2.072474479675293
2.093311071395874
1.8283294439315796
1.5731358528137207
0.3106881082057953
0.09554564952850342
0.07688361406326294
0.4790254831314087
0.2240540236234665
0.4908047318458557
0.07900628447532654
1.1454739570617676
1.6655807495117188
1.5023854970932007
0.27456140518188477
0.47050294280052185
1.272412657737732
1.1885697841644287
1.8533236980438232
0.9991961717605591
1.9630945920944214
1.3084821701049805
1.2536423206329346
2.099294662475586
2.146890878677368
2.0628116130828857
2.0528688430786133
1.908261775970459
1.52471923828125
1.406472086906433
2.0287160873413086
1.8702821731567383
1.612884283065796
1.738576889038086
0.3138653337955475
0.942859411239624
1.0339794158935547
0.9705464839935303
1.0320416688919067
1.0773839950561523
1.2608710527420044
0.378185898065567
0.6716623306274414
0.39555633068084717
0.3772394061088562
0.5883539319038391
1.0058377981185913
1.034460186958313
1.78464937210083
1.825417160987854
1.0134333372116089
2.0074806213378906
0.8586440086364746
0.48854225873947144
0.3451975882053375
0.8132486343383789
1.2127987146377563
1.552384853363037
2.0295982360839844
1.4216349124908447
1.344818115234375
1.998283863067627
1.7086329460144043
0.34703072905540466
0.885920524597168
1.1770083904266357
1.2796921730041504
0.9953009486198425
0.5598979592323303
0.15055009722709656
0.3726887106895447
0.8205669522285461
1.0968016386032104
1.0459920167922974
1.0221842527389526
2.0557849407196045
1.8599742650985718
1.0854485034942627
2.127347469329834
1.2688403129577637
1.6501729488372803
1.1559630632400513
1.3101019859313965
1.8256676197052002
1.8308051824569702
1.7396728992462158
1.688760757446289
1.1272813081741333
0.5588424205780029
1.20644211769104
1.3824456930160522
1.0118296146392822
0.9674149751663208
1.2643089294433594
1.173675537109375
0.9795795679092407
0.5954228639602661
1.3637667894363403
1.233950138092041
0.6086761951446533
0.40822890400886536
1.2111666202545166
1.1181862354278564
1.0570337772369385
0.9392107725143433
2.0824544429779053
2.1681840419769287
2.087502956390381
2.02567458152771
2.1017160415649414
1.1537474393844604
2.022538900375366
1.5654150247573853
1.9114794731140137
1.4995683431625366
1.6096718311309814
1.8449591398239136
1.8278145790100098
0.9673290252685547
1.5855157375335693
0.9516371488571167
0.9958526492118835
0.9829410910606384
1.2675135135650635
1.1868746280670166
1.7192034721374512
1.294671654701233
1.8599562644958496
0.6992530822753906
1.8540750741958618
1.863466739654541
1.045416235923767
0.257344514131546
0.6874479055404663
2.048794984817505
2.0763025283813477
1.4282197952270508
1.2695480585098267
1.2133736610412598
1.966113805770874
2.0499000549316406
1.9626097679138184
0.9236577749252319
1.707815408706665
1.5511040687561035
1.1049714088439941
1.392297387123108
1.402815580368042
1.5249876976013184
0.9143867492675781
1.9297846555709839
0.8745296001434326
1.0137128829956055
1.146005630493164
1.9816988706588745
0.8157606720924377
1.7018375396728516
0.7865621447563171
1.844362497329712
1.8329600095748901
0.823921799659729
0.20721587538719177
1.019835352897644
0.9116327166557312
0.9067989587783813
2.007671594619751
2.0745062828063965
2.1047098636627197
2.000720977783203
2.1116013526916504
2.0193569660186768
1.9766432046890259
2.0366339683532715
2.0625133514404297
1.5409259796142578
1.8469973802566528
1.7748863697052002
1.7396550178527832
1.853164553642273
1.8979485034942627
0.9663101434707642
0.17781516909599304
0.4124925434589386
1.9616432189941406
1.9843696355819702
1.8407789468765259
2.087386131286621
1.9856140613555908
0.20718678832054138
1.8194198608398438
0.4057415723800659
1.6503914594650269
0.8761029243469238
1.3606061935424805
1.1488924026489258
2.171973705291748
1.8283697366714478
1.907375693321228
1.0924761295318604
1.1775858402252197
1.9835591316223145
1.4818525314331055
0.8928385376930237
0.9385166168212891
-0.02745259739458561
1.8444602489471436
1.4876186847686768
1.6476353406906128
2.0177242755889893
1.6254769563674927
1.2361843585968018
1.669108271598816
2.0268704891204834
1.941773772239685
2.0654401779174805
1.8711745738983154
2.045403003692627
1.9959802627563477
1.4197558164596558
0.6087763905525208
0.5049341320991516
0.3210040330886841
0.8059245347976685
0.5815654993057251
0.727432906627655
2.0581274032592773
2.0915958881378174
1.734790325164795
1.8939738273620605
1.7390351295471191
1.8738161325454712
1.9366486072540283
2.0339279174804688
1.903551459312439
1.5840816497802734
1.1926792860031128
1.025109887123108
1.1844485998153687
1.0798141956329346
0.8761851787567139
0.9493114352226257
0.7858139276504517
0.5666947364807129
0.7580903172492981
0.9409276247024536
1.1105859279632568
0.5435611009597778
0.7866148352622986
0.9814737439155579
1.9515738487243652
1.9487971067428589
1.9830001592636108
0.8409704566001892
0.7299618124961853
1.1405364274978638
0.69917893409729
0.681288480758667
1.3872191905975342
0.473306804895401
0.7599316835403442
1.0645246505737305
1.479702353477478
1.7796967029571533
0.3672192692756653
1.2062127590179443
0.7580624222755432
0.7988359332084656
1.7562717199325562
0.8634096384048462
1.6944193840026855
1.403548002243042
1.4396159648895264
0.628913402557373
1.2637196779251099
1.006737232208252
0.848310649394989
0.9189874529838562
0.4663211405277252
0.20979201793670654
0.42482665181159973
0.34933891892433167
0.3012382388114929
0.8648867011070251
0.44091901183128357
2.000359058380127
2.141638994216919
1.9496121406555176
0.9130539298057556
0.683682918548584
0.8141870498657227
0.2423531413078308
1.7634313106536865
2.008580207824707
1.784771203994751
0.46862316131591797
1.8274130821228027
1.6581025123596191
1.9816585779190063
1.833377718925476
1.7927882671356201
1.7997989654541016
1.2578673362731934
2.0314090251922607
1.4378972053527832
0.04241369664669037
1.6961908340454102
0.2506978213787079
1.6152018308639526
0.7095338106155396
1.5670276880264282
0.520592212677002
0.6888965964317322
1.022753119468689
1.0471986532211304
2.130980968475342
1.1600292921066284
1.6178953647613525
1.6886199712753296
1.697859764099121
2.1262755393981934
1.995177984237671
1.3448050022125244
0.9244896173477173
0.738903820514679
0.5646864771842957
1.4382387399673462
1.0561903715133667
0.3528044521808624
1.3631870746612549
0.5676285028457642
0.5706037282943726
0.7780593037605286
0.7969211339950562
0.5383880734443665
0.46214759349823
0.2471325844526291
0.3863949477672577
0.7633885741233826
0.8525745272636414
0.9728981852531433
0.6760634183883667
0.3390255868434906
0.9507952928543091
0.8039706945419312
0.9929436445236206
0.964515209197998
1.9926573038101196
1.9809050559997559
1.0765328407287598
1.7716379165649414
0.9345241189002991
1.6770093441009521
0.5916860103607178
0.314055860042572
-0.03718838095664978
-0.3104722499847412
0.021759675815701485
-0.18713611364364624
0.10262056440114975
0.19707417488098145
0.5685657262802124
1.027525544166565
1.1489851474761963
0.3565209209918976
1.3266568183898926
0.12178811430931091
1.0732874870300293
0.9928925633430481
1.4994947910308838
0.18469128012657166
0.1370784342288971
0.6543785333633423
0.4769822359085083
0.5701825618743896
0.6566725969314575
0.4540258049964905
0.8016199469566345
2.069152593612671
1.7233868837356567
1.7745134830474854
1.7504674196243286
0.7251948118209839
0.5676195621490479
0.6398353576660156
0.9219245910644531
0.6085281372070312
0.15875527262687683
1.9674571752548218
1.2239716053009033
1.3832697868347168
1.3567701578140259
0.892141580581665
0.6768661737442017
0.41088640689849854
-0.23782841861248016
0.0684584379196167
0.47036799788475037
0.7987539172172546
0.8048467636108398
0.5862354636192322
-0.2607063055038452
0.3272419571876526
1.7689101696014404
0.3970010280609131
0.41061756014823914
0.39233896136283875
1.9978585243225098
1.4423177242279053
2.085775375366211
2.035953998565674
2.195648670196533
2.074958086013794
2.106260299682617
2.1298704147338867
1.9906833171844482
1.3173946142196655
1.9475975036621094
1.7231743335723877
1.9291975498199463
1.8894481658935547
0.7639577388763428
0.9371700882911682
0.7544509172439575
0.6865630149841309
0.4342113435268402
0.19755135476589203
0.7429816722869873
0.861074686050415
1.846405029296875
1.958698034286499
2.0337753295898438
1.3656014204025269
1.8625075817108154
1.6831915378570557
2.011026620864868
2.0776166915893555
1.9288173913955688
1.9811749458312988
1.9409852027893066
1.471104383468628
1.9253040552139282
1.934043288230896
0.9137614965438843
1.0691041946411133
1.2355467081069946
1.989071249961853
1.5967621803283691
1.5971195697784424
2.008225917816162
1.0253804922103882
1.7098709344863892
0.09863021969795227
0.3093160092830658
0.11431218683719635
0.3091893196105957
0.18680916726589203
0.012003544718027115
0.6995968818664551
0.7788740396499634
0.39854633808135986
1.7122424840927124
1.1987130641937256
0.8330308198928833
0.9345763325691223
2.039821147918701
1.9739567041397095
1.947863221168518
2.0627059936523438
2.028655767440796
1.9942207336425781
0.22022829949855804
0.48178231716156006
-0.18012970685958862
-0.07862688601016998
0.4566099941730499
1.3537328243255615
0.6425341963768005
2.0093228816986084
1.8655036687850952
2.1600852012634277
2.1500837802886963
2.1371164321899414
2.142888069152832
2.0718796253204346
2.0314011573791504
1.8395588397979736
2.0622310638427734
1.817105770111084
1.3856439590454102
2.0046334266662598
1.591615915298462
2.008730411529541
0.7797659635543823
0.7882195711135864
0.6750745177268982
0.3600688874721527
0.6482309699058533
2.0175483226776123
1.797060251235962
1.9677469730377197
2.0243539810180664
2.031292200088501
1.010003924369812
1.2419219017028809
1.741422414779663
1.8719831705093384
1.9664709568023682
1.950821042060852
1.792525053024292
1.9552459716796875
2.071065902709961
1.8060001134872437
1.5784077644348145
0.5888047814369202
1.570978045463562
0.8373664617538452
1.957575798034668
2.1129860877990723
1.909496545791626
1.3303778171539307
0.4701860249042511
0.30964982509613037
0.43568140268325806
0.4689004719257355
1.9540480375289917
1.3146944046020508
1.8083934783935547
1.2861549854278564
1.6744694709777832
1.7213069200515747
1.0311213731765747
1.86627995967865
1.3195852041244507
0.8701013922691345
1.013855218887329
0.5904735326766968
1.1777602434158325
1.401784062385559
0.8871203660964966
0.8331518769264221
0.8380302786827087
0.9509678483009338
0.9915362000465393
0.7817291617393494
0.7900224924087524
0.787941575050354
0.9080248475074768
0.6946945786476135
1.155044436454773
1.2608177661895752
1.338966965675354
0.9960759878158569
0.6648502349853516
0.4255918264389038
0.36346325278282166
0.8008814454078674
0.8301790952682495
1.4267303943634033
0.9196627736091614
1.8811379671096802
1.459455132484436
1.1527268886566162
1.054916262626648
1.9611270427703857
1.9832367897033691
2.052621364593506
1.9654664993286133
2.1103107929229736
1.984555721282959
1.420917272567749
1.7746707201004028
1.7443691492080688
1.8471183776855469
1.9365156888961792
1.9988081455230713
1.8338401317596436
1.889647364616394
1.8363828659057617
1.4744858741760254
1.6624327898025513
2.0086567401885986
1.5933321714401245
1.0243064165115356
2.0751192569732666
2.0608034133911133
2.1753578186035156
1.76483952999115
2.10317325592041
1.5581666231155396
1.672522783279419
1.4576444625854492
1.0309141874313354
1.3993943929672241
1.2102484703063965
1.9058692455291748
1.1182633638381958
2.037637233734131
1.6396652460098267
1.202867865562439
1.0366390943527222
1.2647297382354736
1.2207058668136597
1.185726284980774
1.1433930397033691
1.0003273487091064
1.0409942865371704
1.1241106986999512
0.8356510400772095
0.723156213760376
0.86948561668396
1.2799497842788696
1.4027929306030273
0.6941347122192383
0.4722628891468048
0.5380104184150696
0.4563106298446655
0.9177712202072144
1.0289347171783447
1.1212639808654785
1.0167067050933838
1.7414032220840454
2.0626220703125
2.143780469894409
2.0276131629943848
1.1951806545257568
1.0775572061538696
1.6352243423461914
1.6989357471466064
1.26179039478302
1.1175026893615723
1.5275280475616455
2.147189140319824
1.9066188335418701
0.9149314165115356
1.5766891241073608
1.7592095136642456
0.4176863431930542
1.518600344657898
1.257163405418396
1.0481071472167969
0.7811833620071411
0.6467671990394592
0.934769868850708
1.2268846035003662
1.9552602767944336
0.6771694421768188
1.509592890739441
2.0560152530670166
1.852371096611023
0.9913362264633179
0.667021632194519
0.8822498321533203
1.3020727634429932
1.0208275318145752
0.6390923261642456
0.9614716172218323
1.7881330251693726
-0.05422411859035492
-0.016579225659370422
0.7599195241928101
0.5986089706420898
0.9067085981369019
2.0970866680145264
2.050915241241455
2.1073250770568848
2.059772253036499
2.037047863006592
1.2008402347564697
1.6052130460739136
0.8590450286865234
1.857382893562317
1.6398214101791382
1.0426528453826904
1.6016908884048462
1.0728498697280884
1.114513874053955
0.8792855143547058
0.46815580129623413
1.6600277423858643
1.158414363861084
1.182127594947815
1.939103603363037
1.3033239841461182
1.9209132194519043
2.150038719177246
2.0850324630737305
2.1056160926818848
1.9349844455718994
0.6673182845115662
0.5204582214355469
0.19481825828552246
-0.0024106465280056
0.6244637370109558
2.0876312255859375
1.7729384899139404
1.9499437808990479
0.8489663600921631
0.948261022567749
1.5068718194961548
1.0256881713867188
0.9686922430992126
1.435617208480835
1.3012677431106567
0.6938731670379639
1.7003542184829712
1.0032167434692383
1.105891466140747
1.8987065553665161
1.2317516803741455
1.663722038269043
2.00616455078125
1.1251307725906372
1.8447798490524292
0.9369817972183228
1.3819910287857056
0.5948672890663147
0.8132954239845276
0.7997344732284546
1.1145950555801392
