0.9407877326011658
1.5386309623718262
3.2346866130828857
1.604865312576294
1.5467510223388672
1.7148146629333496
2.8891422748565674
3.374164342880249
2.124830484390259
1.9484739303588867
2.2087528705596924
2.8887062072753906
2.2662549018859863
2.1902008056640625
3.0834782123565674
3.196340322494507
3.352294683456421
3.5008063316345215
2.7420122623443604
2.2735016345977783
2.113370895385742
2.5642006397247314
2.1688177585601807
1.8804627656936646
1.5565719604492188
1.4299167394638062
2.5928750038146973
2.69618821144104
1.4341579675674438
2.728116512298584
0.7266330122947693
0.9633399844169617
0.8503081202507019
0.9568285346031189
0.9129093289375305
2.4445223808288574
2.955872058868408
1.9596741199493408
1.6223945617675781
2.165025234222412
2.1551828384399414
2.5496959686279297
1.8160951137542725
1.8746217489242554
2.065338611602783
2.971916675567627
2.4465839862823486
1.857032060623169
1.6532764434814453
1.4365884065628052
1.4082139730453491
1.994816780090332
1.6045072078704834
1.168225884437561
1.1639893054962158
1.2554190158843994
1.2515908479690552
1.825184941291809
1.551727533340454
1.2002713680267334
1.099165678024292
1.7042256593704224
1.826926589012146
2.5532150268554688
3.77276873588562
3.022078037261963
1.9371587038040161
2.874955892562866
1.7210652828216553
1.5369722843170166
2.2676703929901123
1.4231348037719727
2.4039909839630127
2.1977028846740723
2.736260175704956
3.0055885314941406
3.1321141719818115
3.6508677005767822
3.8121449947357178
1.1476880311965942
1.5635974407196045
1.7203233242034912
1.4528846740722656
0.8665673732757568
1.7216975688934326
1.209325909614563
2.5414276123046875
2.717132568359375
2.131915807723999
2.121249198913574
0.9971150159835815
0.7403392791748047
0.9419801235198975
0.9444715976715088
1.7830214500427246
2.0666444301605225
1.6789870262145996
2.2961618900299072
1.4628725051879883
1.5710186958312988
3.368873357772827
2.3009965419769287
1.1337522268295288
1.1011017560958862
1.227135419845581
1.2866935729980469
1.6560282707214355
1.6721415519714355
1.6896089315414429
2.73463773727417
1.8897866010665894
2.2543585300445557
2.739381790161133
1.6845754384994507
1.4149471521377563
1.8146157264709473
2.360746145248413
1.846425175666809
0.9548342227935791
1.205376386642456
0.9843926429748535
1.4825903177261353
4.092195510864258
3.009816884994507
2.216942071914673
1.8047032356262207
2.139676332473755
3.17657732963562
3.541034460067749
2.2605347633361816
1.6415492296218872
1.4959255456924438
1.2065467834472656
2.359412431716919
1.9548091888427734
2.8668620586395264
3.1896915435791016
2.810137987136841
2.892223596572876
3.344381332397461
3.4727251529693604
3.2260518074035645
2.9659016132354736
2.6656858921051025
2.1780638694763184
2.6358861923217773
2.2884409427642822
2.008047103881836
2.336696147918701
1.6810073852539062
0.7187156677246094
0.8902295231819153
3.6089723110198975
2.099534511566162
1.4421849250793457
2.3372974395751953
1.7502506971359253
2.116525411605835
1.7492516040802002
1.5524697303771973
1.8139845132827759
1.7260279655456543
1.7295892238616943
1.7941927909851074
1.2443726062774658
1.5071580410003662
2.0164341926574707
1.4814562797546387
1.4925299882888794
2.101381778717041
2.006178617477417
1.8691864013671875
1.486151099205017
1.299947738647461
1.7045977115631104
1.8362058401107788
1.6675419807434082
1.5285359621047974
1.7916078567504883
1.6042414903640747
0.615202784538269
0.694634735584259
1.0561838150024414
0.9206826686859131
1.2834672927856445
1.3516578674316406
1.5643383264541626
1.6648190021514893
1.3495298624038696
0.9572897553443909
1.0250096321105957
1.1805654764175415
1.2061314582824707
1.0920820236206055
0.9849974513053894
1.0925363302230835
1.2158294916152954
1.290674090385437
1.0266063213348389
1.4987878799438477
1.4089789390563965
2.5883631706237793
2.202204465866089
3.2596800327301025
2.954293727874756
2.4773671627044678
3.2338194847106934
1.2244808673858643
2.6382462978363037
1.9407786130905151
2.1393189430236816
2.02140474319458
2.0477447509765625
3.20619535446167
2.4901015758514404
2.2200872898101807
2.404641628265381
2.3813483715057373
1.9923827648162842
2.2134110927581787
2.1109089851379395
2.8486688137054443
2.967695951461792
3.1306331157684326
2.74920654296875
2.298234701156616
3.3093621730804443
2.8200809955596924
2.6718928813934326
3.0822393894195557
2.4704525470733643
2.4691073894500732
2.2437026500701904
1.8961784839630127
2.1698176860809326
1.699425220489502
2.087916135787964
2.1642353534698486
2.0917437076568604
1.703518033027649
2.213695764541626
2.2142834663391113
2.217482089996338
2.1414053440093994
2.9740631580352783
2.652839422225952
2.6368377208709717
1.9822757244110107
2.497377395629883
2.243283271789551
2.217817544937134
1.5887287855148315
3.2326061725616455
2.429072141647339
2.8548600673675537
2.208278179168701
2.222972869873047
2.2529828548431396
3.1077513694763184
0.7100775837898254
1.0701144933700562
2.906722068786621
1.937652587890625
2.9487788677215576
3.0673868656158447
2.415130138397217
1.3665410280227661
1.8254680633544922
2.007929801940918
1.0571177005767822
1.742577314376831
1.5392308235168457
1.6404497623443604
2.908198595046997
2.3771979808807373
2.359910249710083
2.0233676433563232
1.014323353767395
2.1974146366119385
1.7823913097381592
1.5942504405975342
3.5677168369293213
3.413201332092285
2.7622313499450684
2.7048089504241943
3.2061655521392822
3.2797863483428955
1.8043378591537476
2.5220389366149902
0.9453790783882141
1.2379456758499146
3.441157102584839
3.617544174194336
3.226001739501953
2.5187456607818604
2.278243064880371
2.4654598236083984
2.1752116680145264
1.836938500404358
1.719138264656067
3.4178383350372314
2.5355987548828125
2.3869545459747314
2.4554834365844727
2.3802897930145264
2.538025140762329
2.0934319496154785
1.7754230499267578
2.8398427963256836
2.9307496547698975
2.23348331451416
2.102250337600708
2.9708125591278076
2.1784136295318604
2.450815200805664
2.4269304275512695
2.502814292907715
1.8454113006591797
1.866629958152771
0.7725805044174194
0.9426930546760559
1.592000961303711
2.6973516941070557
2.7789418697357178
2.1931073665618896
2.046449899673462
1.5848000049591064
1.7369530200958252
2.0710556507110596
3.4100699424743652
2.6741535663604736
2.225921392440796
2.2869317531585693
3.093153715133667
2.066317319869995
2.494863986968994
1.891882300376892
2.2241580486297607
2.1531875133514404
2.254581928253174
2.2903847694396973
1.8277907371520996
2.586491346359253
2.2723326683044434
1.6555938720703125
1.3402639627456665
2.9513580799102783
3.3099935054779053
2.036907434463501
1.3611522912979126
1.5747411251068115
1.4448225498199463
1.593465805053711
2.230973482131958
3.2413172721862793
2.6030502319335938
2.0717365741729736
2.1300032138824463
1.3226079940795898
2.9193670749664307
2.8014416694641113
2.7313573360443115
2.7894232273101807
1.5467684268951416
1.9407893419265747
1.71644127368927
2.3686604499816895
1.9497390985488892
2.3271710872650146
2.7025554180145264
2.5397391319274902
1.9348547458648682
1.6936047077178955
1.369378685951233
3.75957989692688
2.5881266593933105
2.1777331829071045
2.2374746799468994
2.371490716934204
0.8910728096961975
2.5852413177490234
2.450416326522827
2.7573771476745605
1.9770848751068115
1.5701100826263428
1.579068899154663
2.244309663772583
3.3763632774353027
2.2803232669830322
2.5455636978149414
1.6597440242767334
0.9082002639770508
0.959969699382782
1.4284846782684326
1.4084385633468628
1.3742924928665161
1.5178542137145996
1.136041522026062
1.828782081604004
2.24043869972229
1.4647932052612305
1.9307620525360107
1.9134833812713623
2.6627423763275146
1.7237532138824463
1.6398603916168213
1.6936756372451782
1.3412630558013916
1.804215431213379
0.931498110294342
1.838594675064087
1.3030281066894531
1.9430944919586182
1.4461562633514404
2.6643948554992676
1.7945106029510498
2.4160048961639404
1.3117510080337524
2.269017219543457
1.6727502346038818
1.5802035331726074
1.6336239576339722
1.4100744724273682
1.4437717199325562
1.5088567733764648
1.2600033283233643
2.096038579940796
1.37949538230896
1.5161519050598145
1.1810693740844727
2.5335981845855713
2.0748188495635986
1.6261701583862305
1.8486583232879639
1.5241210460662842
1.1323710680007935
2.144108533859253
1.4782636165618896
1.2865779399871826
0.8697885274887085
0.875626802444458
1.3140984773635864
1.0093733072280884
1.8972392082214355
1.8563544750213623
2.063812255859375
1.666604995727539
0.976632833480835
1.5203465223312378
1.804921269416809
1.7143969535827637
1.8093085289001465
1.6801804304122925
1.8784159421920776
2.0776987075805664
1.52190101146698
2.950838327407837
1.6782780885696411
2.2609660625457764
2.4920544624328613
2.315786838531494
1.8461244106292725
1.6233892440795898
1.523627519607544
2.376330614089966
1.806907296180725
1.7092406749725342
1.7301737070083618
1.5875409841537476
1.1518499851226807
0.975147008895874
0.9875589609146118
3.958251714706421
2.2149527072906494
2.028806447982788
2.3904998302459717
1.8764433860778809
2.330942153930664
2.0459680557250977
2.314980983734131
2.9576027393341064
2.0087554454803467
1.6925814151763916
1.8445281982421875
2.5506398677825928
1.1961287260055542
1.943203091621399
1.9118149280548096
2.33192777633667
2.2778007984161377
2.925825357437134
1.835113286972046
2.426347255706787
1.6379450559616089
1.7636147737503052
1.781280279159546
2.7412102222442627
1.8914064168930054
1.6238981485366821
0.7840167880058289
2.5852105617523193
2.7987542152404785
2.4216318130493164
1.8948019742965698
3.1673567295074463
2.9758734703063965
3.2284135818481445
2.111442804336548
2.375220537185669
2.4370405673980713
2.902249336242676
2.523118257522583
2.538281202316284
2.202465772628784
2.557468891143799
2.694843292236328
2.4583852291107178
1.8152966499328613
2.272164821624756
2.5840256214141846
3.04020094871521
2.5609776973724365
2.8902816772460938
3.213064432144165
2.5829529762268066
1.9294956922531128
1.6434606313705444
1.329991340637207
2.046957492828369
1.152594804763794
1.5175001621246338
1.673875331878662
3.683844804763794
3.500566244125366
2.5397369861602783
3.2908382415771484
2.4766018390655518
3.690443277359009
3.4467928409576416
2.9742565155029297
2.7747323513031006
1.3910726308822632
1.406478762626648
1.572646975517273
1.9778401851654053
2.942873239517212
2.302347421646118
3.124408483505249
2.7445178031921387
2.045994520187378
2.119508981704712
2.8238041400909424
2.3011152744293213
2.7751262187957764
2.4286866188049316
3.028486728668213
2.15187931060791
2.159902334213257
3.2697126865386963
1.2328510284423828
2.9952566623687744
4.077369689941406
3.7631630897521973
3.1541497707366943
1.3621242046356201
3.744837522506714
4.061736106872559
2.1519837379455566
2.6480188369750977
2.304929494857788
2.6420223712921143
3.9117369651794434
3.1301305294036865
2.09340500831604
1.7576179504394531
2.2120275497436523
1.3046033382415771
1.7111603021621704
3.5049314498901367
4.466809272766113
4.0263519287109375
3.1289193630218506
2.0989267826080322
2.158165216445923
2.1375365257263184
2.282357692718506
2.5014102458953857
2.5427136421203613
2.7238378524780273
0.8990192413330078
1.3119115829467773
1.422778606414795
1.358988881111145
1.3516758680343628
1.6535358428955078
1.76741361618042
1.8610539436340332
2.8254873752593994
3.344757556915283
3.2627780437469482
2.7881081104278564
2.7242591381073
3.3497116565704346
3.441654920578003
3.688483953475952
4.116477012634277
3.691682815551758
2.5833685398101807
2.7447729110717773
2.747889280319214
2.6640732288360596
3.0433404445648193
3.3909382820129395
3.493941307067871
2.833205461502075
2.0147054195404053
1.9898829460144043
2.210082769393921
2.6758127212524414
0.6080788969993591
0.7595347166061401
1.7447593212127686
1.2830586433410645
1.844099998474121
1.1657469272613525
1.9233616590499878
3.304347276687622
2.99802565574646
1.2802976369857788
2.7927589416503906
1.3423435688018799
1.6527788639068604
1.167875051498413
0.7097120881080627
1.0689700841903687
1.9336419105529785
3.3643338680267334
2.4255011081695557
2.1712281703948975
2.5740039348602295
2.091973066329956
1.8478803634643555
1.6887452602386475
1.636938214302063
2.0676097869873047
3.306929349899292
2.550389528274536
1.2548396587371826
1.5817785263061523
1.182408094406128
1.5162922143936157
0.9671823382377625
1.1499302387237549
0.9808976650238037
0.9015665054321289
1.216734528541565
1.8111462593078613
3.502530574798584
3.1300342082977295
4.04518985748291
1.47524893283844
4.329841613769531
3.3856258392333984
3.087838888168335
1.5361905097961426
2.345608949661255
0.7495132684707642
0.7543814182281494
1.4467415809631348
3.203141212463379
1.4718339443206787
2.802644968032837
3.1316776275634766
2.643996238708496
1.821441650390625
1.49506676197052
1.236796259880066
1.1993883848190308
1.7754021883010864
1.4678857326507568
0.9724095463752747
2.072827100753784
1.416301965713501
1.914217472076416
1.958486795425415
1.9907445907592773
1.1390302181243896
2.269289493560791
1.312175989151001
2.6529858112335205
3.559035539627075
1.6458616256713867
2.1435952186584473
1.2920476198196411
1.7470073699951172
1.594224452972412
1.3481277227401733
0.9020269513130188
2.0691702365875244
3.6617841720581055
3.3263418674468994
2.2565982341766357
2.5633444786071777
1.9894694089889526
3.4427666664123535
4.122686386108398
3.4910967350006104
3.988856077194214
2.736177682876587
2.1446425914764404
1.7243263721466064
2.023411750793457
2.1785218715667725
1.1467058658599854
2.3475046157836914
2.1949665546417236
3.5281155109405518
3.1885392665863037
2.90118145942688
2.163097620010376
1.7660324573516846
2.234255790710449
2.0474419593811035
2.868586778640747
3.259843587875366
2.4452779293060303
1.8433003425598145
0.7551186680793762
1.0898023843765259
3.196833848953247
3.248873710632324
2.2593119144439697
3.257434368133545
2.5806801319122314
1.5308741331100464
3.1376659870147705
3.75427508354187
2.2911288738250732
2.0342531204223633
1.5785247087478638
1.750035285949707
1.52708101272583
1.377429485321045
1.1020277738571167
1.2673386335372925
1.4108065366744995
1.6071844100952148
1.787190556526184
1.0299720764160156
1.2078132629394531
1.5938185453414917
1.0628098249435425
1.1225918531417847
1.4761438369750977
2.5865824222564697
2.471045732498169
1.102216124534607
3.5612409114837646
1.3412041664123535
1.7386751174926758
1.6348698139190674
1.256966471672058
1.9873191118240356
2.9181106090545654
2.5282204151153564
1.698857307434082
1.8843941688537598
2.3267672061920166
2.3827028274536133
2.713778018951416
1.9451932907104492
1.5498918294906616
1.5650547742843628
1.6423838138580322
1.2484767436981201
1.7221436500549316
1.328501582145691
1.1285609006881714
1.3094046115875244
0.9371136426925659
1.1250613927841187
3.9274775981903076
3.3635411262512207
1.2249326705932617
3.5633089542388916
1.4372971057891846
1.5208954811096191
1.6276359558105469
1.6066406965255737
1.906252145767212
2.569563150405884
2.841562032699585
2.150233030319214
1.6826733350753784
2.449873208999634
1.7566018104553223
2.409553289413452
1.3781838417053223
1.291036605834961
1.6925114393234253
2.407607078552246
2.085728406906128
2.177192211151123
1.6947698593139648
2.3206417560577393
2.3807144165039062
2.374067544937134
1.9203293323516846
0.7725805044174194
1.0087844133377075
0.8690934777259827
3.2338931560516357
3.6609890460968018
2.4063706398010254
2.4469099044799805
2.9140284061431885
1.292936086654663
3.969667673110962
1.946905493736267
2.128516674041748
1.8762586116790771
1.9057735204696655
2.164273977279663
2.06237530708313
1.5930079221725464
1.9794424772262573
1.5619282722473145
1.6206578016281128
1.4528186321258545
1.419724941253662
1.5772426128387451
1.8310035467147827
1.9805049896240234
1.9284522533416748
1.5378761291503906
2.070030927658081
1.653124451637268
1.1988450288772583
1.5774704217910767
1.2490577697753906
3.6896708011627197
3.9215166568756104
3.1315696239471436
1.3133208751678467
1.7865755558013916
3.244816541671753
3.004441499710083
3.072748899459839
2.7879579067230225
2.0058014392852783
1.8078420162200928
1.2689181566238403
1.3731898069381714
1.4242254495620728
1.9772698879241943
2.4693849086761475
2.84429669380188
1.3978021144866943
2.18453049659729
1.5620214939117432
2.3961565494537354
1.3915231227874756
2.2131776809692383
1.4389997720718384
2.153388261795044
1.9268028736114502
1.7764613628387451
2.2994186878204346
0.880889892578125
0.9244635105133057
1.0161892175674438
3.248260498046875
3.7588648796081543
3.4653146266937256
2.868715286254883
3.0436155796051025
2.6788980960845947
3.208239793777466
2.719893217086792
3.5433666706085205
3.049694776535034
2.122270107269287
1.9984681606292725
2.112298011779785
2.5276429653167725
2.7608251571655273
2.378063440322876
2.3994851112365723
2.604912519454956
2.4040448665618896
2.285602569580078
2.447631597518921
3.1800599098205566
3.0742499828338623
3.263693332672119
3.52301025390625
3.133530378341675
3.0517666339874268
0.9091873168945312
2.9135003089904785
2.4245002269744873
3.153315305709839
2.2258546352386475
1.9107714891433716
0.9307607412338257
0.766398549079895
2.731168746948242
2.0213706493377686
1.0258079767227173
1.1866328716278076
1.933178186416626
2.0597779750823975
2.0458548069000244
2.053844451904297
2.584879159927368
1.608595609664917
1.4294291734695435
2.221996307373047
2.8999884128570557
2.3012139797210693
2.7322194576263428
2.7705514430999756
2.6054158210754395
2.373452663421631
1.832863688468933
2.080188512802124
2.3238413333892822
2.2189934253692627
0.8176847696304321
1.0304632186889648
1.1703779697418213
3.7624194622039795
3.3027966022491455
2.3035669326782227
2.5045766830444336
3.1878373622894287
2.8621420860290527
3.1765148639678955
3.4203438758850098
2.323486089706421
2.715667247772217
2.2837400436401367
2.687654733657837
2.0751278400421143
1.8495745658874512
1.6097992658615112
2.1115224361419678
2.295968770980835
2.14508318901062
2.359586000442505
2.505526065826416
2.3207781314849854
2.446622133255005
2.180403232574463
1.8485920429229736
2.18579363822937
3.0411574840545654
2.1808557510375977
0.7809827327728271
1.7901239395141602
1.4935154914855957
2.0815110206604004
1.8783655166625977
1.7763481140136719
1.5138750076293945
1.909379243850708
1.9062187671661377
2.2441484928131104
2.8800904750823975
2.1169028282165527
2.099916458129883
1.0122541189193726
1.3119938373565674
2.0338194370269775
1.0524001121520996
2.422435998916626
1.5568532943725586
2.0254499912261963
1.7705661058425903
1.9025670289993286
1.3753050565719604
1.8112411499023438
1.6387794017791748
2.2471730709075928
1.8536269664764404
1.8208670616149902
1.6337019205093384
1.8365886211395264
0.8851191997528076
1.334140419960022
3.0756900310516357
3.0851261615753174
3.0066871643066406
1.2508857250213623
1.6463679075241089
1.0218464136123657
1.6298987865447998
2.241260290145874
2.6217763423919678
2.2552051544189453
2.211183786392212
2.3199093341827393
2.6477952003479004
2.5285189151763916
2.3080859184265137
1.9760513305664062
2.4478578567504883
1.5573477745056152
3.3252553939819336
3.016697645187378
2.6130664348602295
2.1817309856414795
2.275472640991211
1.9416613578796387
2.448486089706421
2.5014917850494385
1.926281213760376
1.514962911605835
1.1000226736068726
2.020054578781128
3.542078971862793
1.9007596969604492
1.8275861740112305
2.1454343795776367
2.4864985942840576
3.3576998710632324
2.5254664421081543
1.9225634336471558
1.6798151731491089
2.011983871459961
2.010061264038086
3.0283634662628174
1.9490342140197754
2.5686967372894287
2.3710622787475586
2.3748080730438232
1.9855314493179321
1.849311113357544
1.8472692966461182
1.8844614028930664
1.883261799812317
1.842702031135559
1.8657234907150269
2.0224711894989014
2.0660016536712646
2.5542690753936768
2.1915550231933594
2.047677993774414
0.8904026746749878
1.2050987482070923
1.0543324947357178
1.953911304473877
2.954911470413208
2.732469320297241
1.2913490533828735
3.23275089263916
2.1674273014068604
2.3402321338653564
1.0908020734786987
1.761084794998169
2.137897253036499
2.5965280532836914
1.9831831455230713
2.2051286697387695
2.4179258346557617
1.9043750762939453
1.4692604541778564
2.206102132797241
1.644740104675293
2.5910027027130127
3.2201850414276123
2.4842774868011475
2.827562093734741
2.4430525302886963
2.6842665672302246
1.7436494827270508
1.5635429620742798
1.2234654426574707
1.3481286764144897
1.320618987083435
1.028184175491333
1.5747480392456055
1.5671539306640625
3.1271891593933105
2.223763942718506
1.7157907485961914
3.5326712131500244
1.9169363975524902
1.6738754510879517
1.516075849533081
1.17893648147583
1.4829044342041016
2.3706235885620117
3.46091365814209
2.962175130844116
2.686007022857666
1.801304817199707
1.1359748840332031
2.0791332721710205
1.868922233581543
2.7685256004333496
2.4891269207000732
1.7699873447418213
1.270836353302002
1.5729436874389648
2.5753979682922363
3.0124471187591553
1.1564875841140747
2.816558837890625
1.2168716192245483
1.3912415504455566
1.608636736869812
3.197707176208496
1.934725046157837
3.1171274185180664
2.811779499053955
3.8356263637542725
2.6042308807373047
2.3556249141693115
2.7270917892456055
2.465296506881714
1.9162369966506958
3.4027602672576904
3.4458601474761963
3.372494697570801
2.964970827102661
2.8126943111419678
2.618182420730591
2.119645118713379
1.098656177520752
2.335242509841919
1.5640934705734253
1.808325171470642
2.0430824756622314
3.7277722358703613
3.0577735900878906
3.336224317550659
1.8625932931900024
3.6492326259613037
2.1415462493896484
2.9078805446624756
2.302457094192505
2.337071418762207
2.109698534011841
2.4252092838287354
1.666879653930664
1.6772187948226929
1.6534688472747803
2.4359540939331055
1.6400386095046997
1.6556072235107422
2.5545859336853027
1.9432615041732788
2.378105878829956
2.8438735008239746
1.3385480642318726
1.595232605934143
2.275615692138672
2.3936703205108643
1.856337308883667
1.7465347051620483
1.8125581741333008
2.047015428543091
1.4256227016448975
1.5132025480270386
1.7851871252059937
2.9586684703826904
2.341032028198242
0.8158456087112427
0.944419264793396
3.343370199203491
2.5237224102020264
3.484833002090454
3.4027416706085205
4.056195259094238
3.2385313510894775
2.510098457336426
2.3538460731506348
2.7442429065704346
3.0225722789764404
3.449432611465454
2.3169310092926025
1.882073163986206
2.2534353733062744
3.558328866958618
4.026132583618164
3.907336950302124
3.3144948482513428
3.083130359649658
2.4038403034210205
3.6989407539367676
2.513658046722412
3.4149701595306396
2.9715983867645264
2.423351526260376
3.3301408290863037
2.8529655933380127
2.8512532711029053
0.7910634279251099
1.1589339971542358
1.0866343975067139
1.7430299520492554
2.554809808731079
3.3586204051971436
2.7632219791412354
3.419269323348999
3.187469244003296
3.056375026702881
1.438293695449829
1.8370962142944336
2.4795870780944824
2.57262921333313
3.2483274936676025
2.7481186389923096
2.0463898181915283
3.044306516647339
3.7485198974609375
2.3287436962127686
2.8665316104888916
2.2108075618743896
1.918927788734436
2.204847574234009
2.3616697788238525
3.462022304534912
3.3534607887268066
3.1605892181396484
2.46054744720459
2.05627179145813
1.5296014547348022
1.4111920595169067
3.1825883388519287
1.8579999208450317
2.130727767944336
1.8757224082946777
1.7750117778778076
1.7027390003204346
1.92514967918396
2.2362284660339355
1.3770803213119507
1.5658302307128906
1.3712084293365479
1.6721218824386597
1.3142073154449463
1.916059136390686
1.2021650075912476
1.5978202819824219
1.4378550052642822
1.1726329326629639
1.1239501237869263
1.3714343309402466
1.5313750505447388
1.3226045370101929
1.1988372802734375
1.4968403577804565
2.013005018234253
1.381630539894104
2.0182549953460693
0.8665987253189087
1.0274747610092163
1.1073987483978271
1.3660813570022583
1.1446033716201782
1.0871084928512573
1.79876708984375
1.4370245933532715
2.322216749191284
2.0489087104797363
1.7207627296447754
1.4151279926300049
3.0982882976531982
3.2519376277923584
2.829930543899536
2.7402455806732178
2.7039830684661865
3.013131618499756
1.9462871551513672
2.0378854274749756
1.7203279733657837
2.640385389328003
2.699810266494751
2.6520323753356934
2.3798859119415283
2.362682342529297
2.3123772144317627
2.3093864917755127
1.6233601570129395
3.4086883068084717
2.1549460887908936
1.1529985666275024
3.702876329421997
2.2238080501556396
3.5574588775634766
2.5732672214508057
3.4094977378845215
1.5234503746032715
1.5990065336227417
1.44448983669281
1.2545461654663086
1.5925037860870361
1.4345180988311768
2.69856333732605
0.9463779926300049
3.6487247943878174
2.27439022064209
1.392046332359314
1.1529805660247803
1.7588709592819214
1.3975670337677002
1.3166208267211914
1.239811897277832
1.0182057619094849
1.533336877822876
1.5946354866027832
1.560922622680664
1.5076879262924194
1.1687085628509521
1.7577052116394043
2.103271245956421
0.978682816028595
1.163418173789978
1.277554988861084
1.544520378112793
0.9400152564048767
1.3206743001937866
1.0727564096450806
0.9462982416152954
1.6106501817703247
2.7656776905059814
3.0421502590179443
2.543952226638794
1.3076001405715942
1.638966679573059
1.7724953889846802
1.3880443572998047
0.7921421527862549
0.9583337903022766
2.049611806869507
3.1385419368743896
2.162043809890747
1.3106014728546143
2.518946647644043
2.3935723304748535
2.768320322036743
2.2167577743530273
2.2219550609588623
2.046358585357666
1.86183762550354
1.1867696046829224
2.309377908706665
1.3313946723937988
2.7825186252593994
1.9501264095306396
2.6106984615325928
3.651177167892456
2.890133857727051
1.753440260887146
2.0197837352752686
1.3297772407531738
2.5633630752563477
1.5118186473846436
1.6855967044830322
1.170284390449524
2.7169840335845947
2.406497001647949
1.8386448621749878
1.1604619026184082
1.152440071105957
0.9726342558860779
4.122567176818848
3.4310429096221924
3.281217336654663
3.8810837268829346
2.2333805561065674
2.0801737308502197
1.6021168231964111
3.2865021228790283
4.124173164367676
3.100294828414917
1.4874143600463867
2.114189386367798
1.008072018623352
1.370428442955017
1.6279370784759521
1.8246893882751465
2.2321126461029053
2.086559772491455
2.3093268871307373
4.14084529876709
3.3479814529418945
2.815962076187134
3.8422138690948486
3.525360345840454
3.3453242778778076
2.650115966796875
1.4833908081054688
1.2922040224075317
1.7224979400634766
2.0426673889160156
1.8017622232437134
3.5725553035736084
2.415095806121826
2.1798136234283447
2.143017053604126
1.4042901992797852
2.0939571857452393
1.3289978504180908
1.9666507244110107
2.607407331466675
2.554976224899292
2.702479600906372
2.4170236587524414
1.26951265335083
2.1350960731506348
1.970342755317688
2.2199463844299316
2.510612964630127
2.831834077835083
2.4329607486724854
2.4210798740386963
1.3258917331695557
1.8290557861328125
1.369032859802246
0.9551001787185669
1.3381882905960083
2.5410640239715576
