0.94610595703125
1.6340335607528687
3.1594033241271973
1.725170373916626
1.622009038925171
1.8580628633499146
3.0666327476501465
3.614701747894287
2.2490668296813965
2.2034854888916016
2.591671943664551
2.951796531677246
2.508983612060547
2.4110794067382812
3.4896206855773926
3.6094870567321777
3.4789962768554688
3.4964241981506348
2.874215602874756
2.541172981262207
2.5093259811401367
2.9220170974731445
2.324026107788086
2.0406084060668945
1.7745987176895142
1.4838060140609741
2.674975872039795
2.652442455291748
1.7924904823303223
2.6415066719055176
0.7819626927375793
1.092997431755066
0.9347308874130249
1.307499885559082
1.3346468210220337
3.2223610877990723
3.3337535858154297
2.1843419075012207
1.8771857023239136
2.5524134635925293
2.296553611755371
2.5895423889160156
2.1161890029907227
1.8398436307907104
2.397571086883545
3.04420804977417
2.5610733032226562
2.031432628631592
1.7572643756866455
1.6381137371063232
1.4539295434951782
1.9675954580307007
1.5247360467910767
1.3199132680892944
1.3815757036209106
1.359665036201477
1.3649485111236572
1.840659737586975
1.7429019212722778
1.4153285026550293
1.1196942329406738
1.6294400691986084
1.7905282974243164
2.5841708183288574
3.435497283935547
3.0019588470458984
2.205141544342041
3.3221731185913086
1.8585096597671509
1.658158779144287
2.1981544494628906
1.6479800939559937
2.4944424629211426
2.422257423400879
2.7362241744995117
3.0852227210998535
3.022571086883545
3.6930084228515625
3.5235767364501953
1.122841238975525
1.5409423112869263
1.8233190774917603
1.515213131904602
1.0847865343093872
1.9882673025131226
1.3692535161972046
2.553173542022705
2.836874485015869
2.1480016708374023
2.2620630264282227
1.1715407371520996
1.0136404037475586
1.210539698600769
1.1973813772201538
2.1311745643615723
2.157555103302002
1.873179316520691
2.3254036903381348
1.5090731382369995
1.7684369087219238
3.5636143684387207
2.4871163368225098
1.0652254819869995
1.2920536994934082
1.3965885639190674
1.3098502159118652
1.6385964155197144
1.6634021997451782
1.8592771291732788
2.7643961906433105
1.8629355430603027
2.315758228302002
2.872607707977295
1.7053405046463013
1.5162744522094727
1.9896923303604126
2.5089821815490723
2.1244406700134277
1.0527207851409912
1.2687491178512573
1.0259853601455688
1.7668894529342651
4.052855014801025
3.7218680381774902
2.568350315093994
2.156080722808838
2.40737247467041
3.360084056854248
3.672199249267578
2.852344512939453
1.8450742959976196
1.7002421617507935
1.5735957622528076
2.697469711303711
2.1812453269958496
2.8679332733154297
3.1402111053466797
3.115540027618408
3.078266143798828
3.2454676628112793
3.277822971343994
3.282975673675537
3.0700693130493164
2.724107265472412
2.2999520301818848
2.845771312713623
2.4042320251464844
2.148116111755371
2.3063454627990723
1.7350590229034424
0.7631449103355408
1.0181559324264526
3.6598496437072754
2.1474623680114746
1.868053674697876
2.4373273849487305
1.9444769620895386
2.0809926986694336
1.7802282571792603
1.7725106477737427
2.0945167541503906
1.757830262184143
1.7500969171524048
1.9275306463241577
1.5321036577224731
1.7180943489074707
2.088412284851074
1.5682834386825562
1.6045666933059692
2.304091453552246
2.4554100036621094
2.1821484565734863
1.6457220315933228
1.4883065223693848
1.7733269929885864
2.0298829078674316
1.7702544927597046
1.7673736810684204
2.0236802101135254
1.8458157777786255
0.6118170619010925
0.936557948589325
1.0926350355148315
0.7729276418685913
1.4106249809265137
1.4603468179702759
1.6368705034255981
1.5067116022109985
1.3554238080978394
0.9346765875816345
1.1623705625534058
1.193414568901062
1.2647273540496826
1.2044315338134766
1.0362532138824463
1.1657217741012573
1.2707229852676392
1.3686383962631226
1.0955804586410522
1.567554235458374
1.4656890630722046
2.7573699951171875
2.484936237335205
3.248812675476074
2.9498305320739746
2.5210142135620117
3.097930908203125
1.457262635231018
2.513425350189209
2.040822982788086
2.189443588256836
2.15925931930542
2.2117199897766113
3.0006933212280273
2.6467113494873047
2.359419822692871
2.5211048126220703
2.6568613052368164
2.276942253112793
2.4692907333374023
2.394254207611084
2.9427881240844727
2.9645118713378906
3.0697646141052246
2.9540843963623047
2.582472324371338
3.085047721862793
3.017371654510498
2.789454460144043
3.1622867584228516
2.5809125900268555
2.7252016067504883
2.262852668762207
2.147737979888916
2.370922088623047
1.9036575555801392
2.195862293243408
2.2896347045898438
2.4607481956481934
1.937888503074646
2.1673598289489746
2.2499685287475586
2.390002727508545
2.3177924156188965
2.9120864868164062
2.6363635063171387
2.6379923820495605
2.2066078186035156
2.4499244689941406
2.148129463195801
2.1992173194885254
1.6685696840286255
2.728609085083008
2.4213900566101074
2.725259304046631
2.2249655723571777
2.4427924156188965
2.4216113090515137
3.2507734298706055
0.7991145849227905
1.4695396423339844
3.480774402618408
2.3500704765319824
3.020846366882324
3.2121081352233887
2.6890459060668945
1.5047346353530884
1.8963546752929688
1.9535233974456787
1.199425220489502
1.7977042198181152
1.69481360912323
1.958189606666565
2.829716682434082
2.5523648262023926
2.329054355621338
2.0389299392700195
1.1320849657058716
2.3835058212280273
2.158817768096924
1.646255373954773
3.1739001274108887
3.607224941253662
3.066516876220703
2.7091474533081055
3.0869545936584473
3.3195443153381348
2.288027286529541
2.6059536933898926
1.2855192422866821
1.5381717681884766
3.6874380111694336
3.759202480316162
3.188976287841797
2.6425580978393555
2.393065929412842
2.409463405609131
2.2003931999206543
2.0156683921813965
1.9230886697769165
3.390604019165039
2.7070493698120117
2.38546085357666
2.4183130264282227
2.6137843132019043
2.415102958679199
2.0098319053649902
1.8307278156280518
2.8171305656433105
3.285562038421631
2.2945361137390137
2.214461326599121
2.9416046142578125
2.2090611457824707
2.6019372940063477
2.443085193634033
2.6346893310546875
1.8264894485473633
1.9562495946884155
0.9932565689086914
1.1998226642608643
1.708702564239502
2.388939380645752
2.758183479309082
2.209319591522217
1.8235949277877808
1.764848232269287
2.0135884284973145
2.1093811988830566
3.2163357734680176
2.5884599685668945
2.1799936294555664
2.266237735748291
2.9318275451660156
1.973992943763733
2.6497955322265625
1.928517460823059
2.144205093383789
2.2054052352905273
2.475118637084961
2.3636488914489746
2.1771159172058105
2.335993766784668
2.093139171600342
1.5841842889785767
1.5661308765411377
3.150071620941162
3.2840933799743652
1.9921122789382935
1.5460275411605835
1.5040031671524048
1.4110006093978882
1.6218886375427246
2.4638662338256836
3.5968780517578125
3.004647731781006
2.2430920600891113
2.285132884979248
1.8769201040267944
3.2878026962280273
3.2642197608947754
3.1556711196899414
3.133423328399658
1.6169649362564087
2.03817081451416
1.8591669797897339
2.245964527130127
2.0068984031677246
2.3976988792419434
3.1004910469055176
2.977963924407959
1.952692985534668
1.795493245124817
1.68743097782135
3.575681686401367
2.8204941749572754
2.2327237129211426
2.2649784088134766
2.363377094268799
1.2901419401168823
2.482234001159668
2.3145389556884766
2.515275478363037
2.175111770629883
1.7866383790969849
1.7454472780227661
2.306283473968506
3.3817801475524902
2.6325154304504395
2.666408061981201
1.8593806028366089
1.0882242918014526
1.161858320236206
1.6735823154449463
1.6198238134384155
1.6404885053634644
1.8327792882919312
1.3248164653778076
1.9761627912521362
2.279592514038086
1.6077977418899536
2.3009262084960938
2.186095714569092
2.541494846343994
1.8275307416915894
1.821938395500183
1.8382971286773682
1.5652905702590942
1.8556475639343262
1.1884864568710327
2.0765480995178223
1.4823278188705444
1.908282995223999
1.623008370399475
2.505056381225586
1.9948879480361938
2.1634559631347656
1.4613679647445679
2.3964457511901855
1.979892611503601
1.8012444972991943
1.7061132192611694
1.4914811849594116
1.5922882556915283
1.6687036752700806
1.5573776960372925
2.1734490394592285
1.605159878730774
1.6832897663116455
1.3367893695831299
2.401925563812256
2.0138964653015137
1.4831997156143188
1.8414477109909058
1.622205138206482
1.25924551486969
2.1938681602478027
1.7519055604934692
1.4198498725891113
1.0407971143722534
1.1257394552230835
1.414491891860962
1.2296937704086304
1.9898494482040405
1.875582218170166
2.1382226943969727
1.8262041807174683
1.001180648803711
1.6956864595413208
1.9026381969451904
1.81236732006073
1.831170678138733
1.9006953239440918
1.651753306388855
1.9331721067428589
1.6368709802627563
3.0726675987243652
1.6422442197799683
2.326571464538574
2.3996949195861816
2.3320765495300293
1.9708205461502075
1.6288758516311646
1.6065218448638916
2.1437549591064453
1.9223045110702515
1.9616934061050415
1.8926094770431519
1.839753270149231
1.396901249885559
1.0502588748931885
1.150109887123108
3.9744396209716797
2.802741050720215
2.384117603302002
2.653343677520752
2.1325855255126953
2.2256197929382324
2.207942008972168
2.492245674133301
3.1528983116149902
2.120965003967285
1.77774178981781
1.9753748178482056
2.4642281532287598
1.4399739503860474
2.074979305267334
2.1635913848876953
2.409484386444092
2.4905567169189453
2.985818386077881
2.174391269683838
2.770050525665283
1.913376808166504
1.9079197645187378
1.9539334774017334
2.797738552093506
1.9260567426681519
1.6809303760528564
0.8621406555175781
3.308304786682129
3.169887065887451
2.74265193939209
2.1433544158935547
3.4359512329101562
3.3623013496398926
3.495856761932373
2.416769504547119
2.608189105987549
2.4934234619140625
3.255187511444092
2.7968006134033203
2.686549186706543
2.6061649322509766
2.8052921295166016
3.030317783355713
2.871918201446533
2.156533718109131
2.814457893371582
2.852299213409424
3.029358386993408
2.959901809692383
3.5378189086914062
3.6159048080444336
3.1805930137634277
2.2022862434387207
1.8053489923477173
1.5573160648345947
2.134958267211914
1.1963086128234863
1.5252608060836792
1.7729233503341675
4.008854866027832
3.919520854949951
2.8090286254882812
3.4119629859924316
2.9402356147766113
3.7606472969055176
3.5894927978515625
3.330840587615967
3.193301200866699
1.5222238302230835
1.6885805130004883
1.831302523612976
2.148160934448242
2.951817035675049
2.6130175590515137
3.0931248664855957
2.7133102416992188
2.1134748458862305
2.234034538269043
2.8830924034118652
2.507066249847412
2.833507537841797
2.5789132118225098
3.1309471130371094
2.2301864624023438
2.603515148162842
3.351226806640625
1.3967708349227905
3.369809627532959
4.131223201751709
4.061875820159912
3.435482978820801
1.7662750482559204
3.718784809112549
3.9919991493225098
2.7915139198303223
2.8308019638061523
2.4865946769714355
3.1631455421447754
3.9955220222473145
3.1450772285461426
1.8876627683639526
1.8864655494689941
2.1819443702697754
1.4965780973434448
2.0595717430114746
3.703160285949707
4.304766654968262
4.0133376121521
3.315176486968994
2.284609317779541
2.2787537574768066
2.281400203704834
2.548251152038574
2.638474464416504
2.7759785652160645
2.6033148765563965
1.2059918642044067
1.2797191143035889
1.4725064039230347
1.5843632221221924
1.6533844470977783
2.168013095855713
2.1721019744873047
2.2843074798583984
3.4999608993530273
3.7313380241394043
3.6580615043640137
3.3100366592407227
3.4489173889160156
3.802339553833008
3.8935046195983887
4.0129714012146
4.057092666625977
3.9547667503356934
2.709310531616211
3.0985875129699707
2.8049163818359375
2.985703468322754
3.3140697479248047
3.736021041870117
3.6432342529296875
3.1684679985046387
2.256986618041992
2.1471734046936035
2.4243359565734863
2.8997511863708496
0.5824778079986572
0.8238341808319092
1.9075324535369873
1.5196094512939453
2.1368484497070312
1.363951563835144
2.1857290267944336
3.6131210327148438
2.91733980178833
1.5503441095352173
2.5165963172912598
1.4654349088668823
1.8911793231964111
1.3009146451950073
0.9539439082145691
1.34017014503479
2.498854160308838
3.731560707092285
2.7277703285217285
2.8257360458374023
2.7409005165100098
2.250729560852051
2.254696846008301
2.0857396125793457
2.139012336730957
2.523855209350586
3.0232982635498047
2.2867283821105957
1.5637211799621582
1.7875410318374634
1.7438689470291138
1.9265718460083008
1.3581411838531494
1.5350775718688965
1.4353740215301514
1.1532267332077026
1.4028503894805908
2.4021315574645996
3.8962526321411133
3.8478550910949707
4.258055210113525
2.2370223999023438
4.018916606903076
3.4983339309692383
2.5781850814819336
1.92509126663208
2.593308448791504
0.7988037467002869
1.0209457874298096
1.714241862297058
3.3132710456848145
2.1412506103515625
3.22654390335083
3.5023765563964844
2.7734031677246094
1.879774570465088
1.386196255683899
1.2131685018539429
1.1975209712982178
1.6631749868392944
1.6276426315307617
1.0016003847122192
1.9594825506210327
1.546042561531067
1.9667439460754395
2.0591073036193848
1.7838871479034424
1.1450320482254028
2.1309542655944824
1.4419971704483032
3.3272018432617188
3.768296718597412
2.0932140350341797
1.8215574026107788
1.3127772808074951
1.6377381086349487
1.4341694116592407
1.4996472597122192
1.376471996307373
2.5877838134765625
3.837259292602539
3.5044026374816895
2.630619525909424
2.793245792388916
2.437422275543213
3.734403610229492
4.005871772766113
3.7290711402893066
4.128382205963135
2.9156370162963867
2.3193130493164062
1.7375298738479614
1.9161804914474487
1.8985568284988403
1.261961817741394
2.4638023376464844
2.450350761413574
3.2394309043884277
3.0251822471618652
3.317187786102295
2.5098586082458496
2.0425305366516113
2.2173094749450684
2.227267265319824
2.685007095336914
3.4053215980529785
2.5070114135742188
2.0053553581237793
1.1044656038284302
1.53639554977417
3.3420791625976562
3.2966856956481934
2.5035595893859863
3.3075361251831055
2.5547609329223633
1.936374306678772
3.284884452819824
3.6291632652282715
2.4712719917297363
2.3947582244873047
1.9558496475219727
2.1039891242980957
1.5624357461929321
1.5726648569107056
1.2253873348236084
1.4505423307418823
1.3194565773010254
1.7538412809371948
1.9768589735031128
1.237225890159607
1.1816505193710327
1.529775619506836
1.265928030014038
1.2499377727508545
1.6997017860412598
2.628798484802246
2.560739040374756
1.332741618156433
3.4965195655822754
1.7058581113815308
1.961571216583252
1.6385937929153442
1.3019732236862183
2.017852306365967
3.012556552886963
2.88674259185791
1.892845630645752
2.039083480834961
2.7834529876708984
2.419753074645996
2.621763229370117
1.9320741891860962
1.788428783416748
1.7269172668457031
1.5710774660110474
1.29483163356781
1.8055899143218994
1.4609912633895874
1.260061264038086
1.5148051977157593
1.1764832735061646
1.5538055896759033
3.6199846267700195
3.4259562492370605
1.4900213479995728
3.498412609100342
1.7578953504562378
1.8297852277755737
1.8049638271331787
1.8954793214797974
2.4562859535217285
3.0531015396118164
3.015784740447998
2.111908435821533
1.876315712928772
2.4503726959228516
1.9548805952072144
2.709343433380127
1.6520485877990723
1.4969812631607056
1.9406453371047974
2.1492486000061035
2.229053497314453
2.2930846214294434
1.9751256704330444
2.691725730895996
2.623591899871826
2.505833148956299
2.0815529823303223
0.9932565689086914
0.9978304505348206
0.9311285614967346
3.536837100982666
3.7483701705932617
2.645674705505371
2.66635799407959
3.0821280479431152
1.4824355840682983
3.8504161834716797
2.6450705528259277
2.1977767944335938
2.1222853660583496
2.1227054595947266
2.277822494506836
2.0553297996520996
1.6939946413040161
2.265995502471924
1.9618347883224487
1.9160547256469727
1.7758082151412964
1.6636723279953003
1.918494462966919
2.0019631385803223
2.153759002685547
1.9880989789962769
1.6788970232009888
2.102931022644043
1.8982287645339966
1.3272377252578735
1.6416915655136108
1.5116690397262573
3.7443723678588867
3.924976348876953
2.878474235534668
1.488015055656433
1.916357159614563
3.3707237243652344
3.3502864837646484
3.3189826011657715
2.8317131996154785
2.3515143394470215
1.9191516637802124
1.3111451864242554
1.362343192100525
1.6030904054641724
2.003345012664795
2.435964584350586
2.946378231048584
1.5945262908935547
2.0611214637756348
1.566400170326233
2.249569892883301
1.7104727029800415
2.303562641143799
1.734047770500183
2.177065372467041
1.9448245763778687
1.9040652513504028
2.2078957557678223
1.0987036228179932
1.147125005722046
1.2562968730926514
3.570340156555176
3.8739328384399414
3.6192474365234375
3.288778305053711
3.192969799041748
2.8230180740356445
2.9465537071228027
2.947378635406494
3.6632089614868164
3.1375317573547363
2.209965705871582
2.0254669189453125
2.1599202156066895
2.407863140106201
2.7016515731811523
2.354884624481201
2.3414230346679688
2.608503818511963
2.5886282920837402
2.4549789428710938
2.997847080230713
3.7495827674865723
3.5737061500549316
3.1741037368774414
3.4941182136535645
3.2113442420959473
2.9132843017578125
0.8786758780479431
2.5083389282226562
2.457890033721924
3.3686933517456055
2.7430410385131836
1.9381091594696045
1.0406864881515503
1.2150557041168213
2.839632511138916
1.9763463735580444
1.4329371452331543
1.3888485431671143
2.1275177001953125
2.171752452850342
2.193446159362793
2.233102798461914
3.0213890075683594
1.8261719942092896
1.279229760169983
2.127890110015869
2.9136886596679688
2.6046934127807617
2.889373302459717
3.1674304008483887
3.1058297157287598
2.878377914428711
1.7042542695999146
2.213083267211914
2.3334450721740723
2.300750255584717
1.0831172466278076
1.2938826084136963
1.4174097776412964
3.679607391357422
3.56569766998291
2.513049602508545
2.8534746170043945
3.340442657470703
3.331822395324707
3.484823226928711
3.539407730102539
2.8170275688171387
2.560955047607422
2.3381881713867188
2.780625820159912
2.240717887878418
1.984721302986145
1.676883339881897
2.3398237228393555
2.3227810859680176
2.272796154022217
2.6095662117004395
2.7817540168762207
2.562788486480713
2.6065282821655273
2.2561545372009277
2.1952133178710938
2.7829856872558594
3.3748764991760254
2.4911880493164062
0.8677867650985718
1.8642946481704712
1.6218372583389282
2.2337398529052734
1.9822988510131836
2.0528526306152344
1.7664538621902466
2.1134533882141113
2.0348968505859375
2.762667179107666
2.8416876792907715
2.117730140686035
2.338542938232422
1.25174880027771
1.4931498765945435
2.181722640991211
1.4560531377792358
2.268441677093506
1.6207618713378906
2.023146152496338
1.8680776357650757
1.971025824546814
1.7896612882614136
1.9808155298233032
1.815955400466919
2.2618322372436523
2.007871150970459
2.0653815269470215
1.798451542854309
1.9374761581420898
1.2777185440063477
1.4200462102890015
3.3509984016418457
3.3308920860290527
2.852900981903076
1.4235261678695679
1.7609943151474
1.2539480924606323
1.6971124410629272
2.2838282585144043
2.6368017196655273
2.396829128265381
2.4447083473205566
2.3152318000793457
2.66090726852417
2.4466800689697266
2.3620309829711914
2.132815361022949
2.5307788848876953
1.6990610361099243
3.111114978790283
2.9216723442077637
2.539395809173584
2.372452735900879
2.3646650314331055
2.115753173828125
2.452789306640625
2.3877687454223633
2.053561210632324
1.5654104948043823
1.238058090209961
2.147326946258545
3.392155647277832
2.035946846008301
1.91855788230896
2.0178427696228027
2.324528694152832
3.390964984893799
2.749260425567627
2.1411819458007812
1.9018257856369019
2.268615245819092
2.3534579277038574
2.9787368774414062
2.152763843536377
2.708916187286377
2.470872402191162
2.420016288757324
2.206054210662842
2.0494937896728516
2.007962703704834
2.148529052734375
2.1155929565429688
2.091386318206787
2.0867629051208496
2.0667152404785156
2.240650177001953
2.6559958457946777
2.3609414100646973
2.4638757705688477
1.3578393459320068
1.2838988304138184
1.2667514085769653
2.049428939819336
3.204282283782959
3.234463691711426
1.429748296737671
3.1619787216186523
2.4009294509887695
2.2614598274230957
1.3867899179458618
2.004549503326416
2.4955244064331055
2.6914429664611816
2.1366567611694336
2.183238983154297
2.47233247756958
2.031912326812744
1.5575593709945679
2.2946839332580566
1.878722071647644
2.439030647277832
3.2693581581115723
2.7655892372131348
3.12711763381958
2.4574923515319824
2.727944850921631
1.87843656539917
1.5743857622146606
1.1989821195602417
1.4996470212936401
1.4485485553741455
1.0937203168869019
1.5043059587478638
1.7607897520065308
2.869995594024658
2.3287649154663086
1.8232109546661377
3.1040515899658203
1.7263247966766357
1.5671265125274658
1.7402598857879639
1.3882076740264893
1.57693612575531
2.3304686546325684
3.183971881866455
3.0286574363708496
2.4305176734924316
1.8804281949996948
1.3499077558517456
1.7055864334106445
1.8503345251083374
2.717008113861084
2.365732192993164
1.7941230535507202
1.3139396905899048
1.5759201049804688
2.264148235321045
2.8926644325256348
1.3578702211380005
2.7341184616088867
1.2822977304458618
1.326897382736206
1.687605857849121
3.1750450134277344
1.9793815612792969
3.3719186782836914
2.9837355613708496
3.5519323348999023
2.727356433868408
2.6578211784362793
2.9570164680480957
2.4851021766662598
2.0249710083007812
3.0238523483276367
3.3293557167053223
3.3098368644714355
3.061206340789795
2.8336639404296875
2.5465197563171387
2.0251379013061523
1.2757989168167114
2.383138656616211
1.8245404958724976
1.9781640768051147
2.0731968879699707
3.304108142852783
3.543166160583496
3.541919231414795
1.985009789466858
3.213991165161133
2.658595085144043
3.3005728721618652
2.747127056121826
2.419203758239746
2.4710378646850586
2.6676101684570312
1.704683542251587
1.7475818395614624
1.7183459997177124
2.3842544555664062
1.827436089515686
1.8538683652877808
2.3741650581359863
2.0044093132019043
2.487426280975342
2.890662670135498
1.2741925716400146
1.7693389654159546
2.3012514114379883
2.578540802001953
1.7747238874435425
1.8764569759368896
1.8731738328933716
2.1324410438537598
1.3921059370040894
1.539564609527588
1.839428186416626
3.190885543823242
2.347322940826416
0.8521893620491028
0.9038777351379395
3.1278276443481445
2.790116310119629
3.4012341499328613
3.7544140815734863
4.071592330932617
3.5423197746276855
2.7615246772766113
2.512418746948242
3.0325822830200195
3.186038017272949
3.5994348526000977
2.7175445556640625
1.995225429534912
2.5462985038757324
3.4408397674560547
3.853774070739746
3.928053855895996
3.6196560859680176
3.3932313919067383
2.8401432037353516
3.2805752754211426
2.688316822052002
3.5152692794799805
3.0273666381835938
2.385326862335205
3.149059295654297
2.8026208877563477
2.7213072776794434
0.9602532386779785
1.3201066255569458
1.0269527435302734
1.6973506212234497
2.9401779174804688
3.615786075592041
3.0588784217834473
3.5424280166625977
3.5359129905700684
3.2825117111206055
1.5824178457260132
1.8996163606643677
2.4835824966430664
2.699665069580078
3.274965286254883
3.066689968109131
2.3325576782226562
3.4409966468811035
3.7680559158325195
2.5470590591430664
2.874723434448242
2.2542762756347656
1.9827837944030762
2.2878847122192383
2.669158458709717
3.77579927444458
3.5688977241516113
3.302394390106201
2.417693614959717
2.0235490798950195
1.519881248474121
1.589157223701477
3.5990991592407227
2.122714042663574
2.38448429107666
2.124281883239746
2.3795790672302246
2.134237766265869
2.129930019378662
2.3327736854553223
1.7398017644882202
1.7652562856674194
1.5970691442489624
1.7584781646728516
1.515100359916687
1.90594482421875
1.4212101697921753
1.6992801427841187
1.4574332237243652
1.3346599340438843
1.2231205701828003
1.5904344320297241
1.695989966392517
1.5006753206253052
1.4237514734268188
1.7599354982376099
2.1195363998413086
1.6812180280685425
2.0852465629577637
1.2055045366287231
1.2544773817062378
1.2510035037994385
1.4600551128387451
1.3524878025054932
1.2649859189987183
1.8296211957931519
1.6095141172409058
2.432866096496582
1.9803205728530884
1.8111896514892578
1.7013170719146729
3.3367114067077637
3.688887119293213
3.020448684692383
2.8749213218688965
2.9669265747070312
3.1539831161499023
2.2700743675231934
2.2071800231933594
1.933837890625
2.678103446960449
2.8042449951171875
2.998760223388672
2.5695748329162598
2.4860754013061523
2.6635537147521973
2.672758102416992
2.204773426055908
3.5840682983398438
2.565855026245117
1.4924105405807495
3.800774574279785
2.8274455070495605
3.5710859298706055
2.9662485122680664
3.4584217071533203
1.6502654552459717
1.460042953491211
1.4256173372268677
1.3428088426589966
1.6221957206726074
1.6985598802566528
2.7464895248413086
1.19632089138031
3.505678176879883
2.4001097679138184
1.623243808746338
1.1678675413131714
1.756499171257019
1.3974798917770386
1.453201413154602
1.3531923294067383
1.2079479694366455
1.6081544160842896
1.7150410413742065
1.6325290203094482
1.7025463581085205
1.3031457662582397
1.9564279317855835
2.0862245559692383
1.129478096961975
1.1316325664520264
1.1922752857208252
1.3632140159606934
0.9977939128875732
1.2410255670547485
1.0295522212982178
0.8020565509796143
2.129450798034668
3.1287665367126465
3.260720729827881
2.5758090019226074
1.4732671976089478
1.6775954961776733
1.7454715967178345
1.5568947792053223
0.9836350679397583
1.1095141172409058
2.7370457649230957
3.4762253761291504
2.752546787261963
1.7001641988754272
2.661789894104004
2.512873649597168
3.031949996948242
2.545380115509033
2.5181212425231934
2.1399593353271484
1.9923895597457886
1.4918159246444702
2.306489944458008
1.8520151376724243
2.828403949737549
2.3757596015930176
2.9206032752990723
3.7660794258117676
3.131633758544922
2.0792412757873535
2.1670522689819336
1.672315001487732
2.6655359268188477
1.708147406578064
1.857469916343689
1.4903615713119507
2.7810192108154297
2.405674457550049
2.00386905670166
1.5020984411239624
1.432416319847107
1.1323871612548828
3.8029003143310547
3.6368651390075684
3.4094009399414062
3.6752257347106934
2.6826233863830566
2.1092848777770996
1.8750650882720947
3.258573532104492
3.823086738586426
2.97769832611084
1.415968418121338
1.8329156637191772
1.164563775062561
1.5273483991622925
1.8669712543487549
2.273561954498291
2.585714817047119
2.273082733154297
2.3977856636047363
3.832304000854492
3.3745169639587402
2.738126277923584
3.4727783203125
3.119405746459961
3.050929069519043
2.5212764739990234
1.6166898012161255
1.449515461921692
1.8006598949432373
2.150179862976074
1.6437078714370728
3.4407949447631836
2.7500386238098145
2.4313220977783203
2.4773306846618652
1.5874699354171753
2.1815242767333984
1.4339524507522583
1.795432448387146
2.7561864852905273
2.7119946479797363
2.7028660774230957
2.4707212448120117
1.602122187614441
2.6362767219543457
2.1590304374694824
2.3953094482421875
2.728956699371338
3.037471294403076
2.4516077041625977
2.5396761894226074
1.4582620859146118
1.9445303678512573
1.3801063299179077
1.1300054788589478
1.3269919157028198
2.22603178024292
