0.9053811430931091
1.4983961582183838
3.0562422275543213
1.5631060600280762
1.5111336708068848
1.6606230735778809
2.713899612426758
3.2567203044891357
2.046156406402588
1.9488844871520996
2.163569688796997
2.8174257278442383
2.2120816707611084
2.10906720161438
2.937227249145508
2.9891602993011475
3.115525722503662
3.3999266624450684
2.620264768600464
2.2032124996185303
2.042222738265991
2.5034339427948
2.1251094341278076
1.8821473121643066
1.5342319011688232
1.383871078491211
2.4914610385894775
2.611220359802246
1.4138195514678955
2.6471612453460693
0.6997339129447937
0.8687536120414734
0.8194622993469238
0.9335452914237976
0.863567590713501
2.318131685256958
2.8111274242401123
1.8566014766693115
1.571101427078247
2.1308157444000244
2.1008453369140625
2.388169288635254
1.7841196060180664
1.7606935501098633
1.955732822418213
2.815714120864868
2.2819080352783203
1.7109310626983643
1.5631799697875977
1.377387285232544
1.3278474807739258
1.9047880172729492
1.5182218551635742
1.1548855304718018
1.1373968124389648
1.208700180053711
1.2024462223052979
1.7621397972106934
1.499173879623413
1.1879386901855469
1.0168507099151611
1.6343309879302979
1.7593767642974854
2.414193868637085
3.5971877574920654
2.886169195175171
1.8045156002044678
2.683924913406372
1.6229605674743652
1.4340312480926514
2.1484053134918213
1.3297202587127686
2.2933590412139893
2.130572557449341
2.589167594909668
2.9002997875213623
3.0350069999694824
3.4773881435394287
3.5915675163269043
1.0497148036956787
1.5081889629364014
1.631868600845337
1.3917598724365234
0.8004149794578552
1.6353747844696045
1.162351369857788
2.365206241607666
2.6542935371398926
2.062044620513916
2.0322232246398926
0.9695762395858765
0.6772403717041016
0.9060459136962891
0.8754672408103943
1.7780616283416748
1.9755902290344238
1.5894086360931396
2.2607691287994385
1.3923835754394531
1.4360458850860596
3.2481558322906494
2.18530535697937
1.0458192825317383
1.0817372798919678
1.176316261291504
1.234036922454834
1.5373611450195312
1.5854682922363281
1.6177124977111816
2.5943617820739746
1.8117194175720215
2.1690237522125244
2.691180467605591
1.566880464553833
1.3593723773956299
1.785221815109253
2.2906038761138916
1.8027522563934326
0.931014358997345
1.1962614059448242
0.9522169232368469
1.3614978790283203
3.8909218311309814
2.92636775970459
2.1688313484191895
1.7405705451965332
2.095938205718994
2.9733171463012695
3.412151336669922
2.21417498588562
1.584573745727539
1.4492573738098145
1.166888952255249
2.2581419944763184
1.8928663730621338
2.7385804653167725
3.030503034591675
2.667444944381714
2.7636215686798096
3.1742794513702393
3.3123364448547363
3.097219705581665
2.8720450401306152
2.5489022731781006
2.1056573390960693
2.535735845565796
2.2364280223846436
1.9619183540344238
2.240446090698242
1.6146368980407715
0.6935903429985046
0.8595791459083557
3.4575388431549072
2.014198064804077
1.4167792797088623
2.2653491497039795
1.686095952987671
2.070035457611084
1.7238819599151611
1.5295603275299072
1.7848176956176758
1.6774413585662842
1.7126073837280273
1.7519967555999756
1.2101540565490723
1.4242205619812012
1.894423246383667
1.3342623710632324
1.4540281295776367
2.0659725666046143
1.9620013236999512
1.816108226776123
1.427703857421875
1.2680201530456543
1.6703639030456543
1.8265111446380615
1.6140050888061523
1.496138095855713
1.7458715438842773
1.578601360321045
0.5998715758323669
0.7035389542579651
1.0131232738494873
0.8962560296058655
1.218554973602295
1.2825653553009033
1.50923490524292
1.5770580768585205
1.3108775615692139
0.9063759446144104
0.9930827021598816
1.1239774227142334
1.1661744117736816
1.0655665397644043
0.9624714255332947
1.0645604133605957
1.187453031539917
1.2653381824493408
0.9864155650138855
1.4165942668914795
1.3496448993682861
2.4668803215026855
2.09383487701416
3.0562355518341064
2.7637884616851807
2.338801622390747
3.061375856399536
1.1652469635009766
2.5409317016601562
1.8895936012268066
2.0747976303100586
1.9482800960540771
1.9691040515899658
3.0150864124298096
2.341876745223999
2.1439311504364014
2.314037561416626
2.3417227268218994
1.9549999237060547
2.182274341583252
2.021713972091675
2.814419984817505
2.86678147315979
3.0288875102996826
2.6523869037628174
2.2521169185638428
3.1677510738372803
2.7213375568389893
2.5514278411865234
2.858873128890991
2.3370845317840576
2.3190531730651855
2.0899646282196045
1.8329193592071533
2.061471939086914
1.620518445968628
1.9953672885894775
2.0825016498565674
2.007033586502075
1.65120267868042
2.097322702407837
2.099081039428711
2.1181814670562744
2.0324695110321045
2.751953125
2.490562677383423
2.497460126876831
1.9037797451019287
2.3945155143737793
2.091992139816284
2.0893478393554688
1.4603135585784912
3.054997682571411
2.3369781970977783
2.754300832748413
2.15325927734375
2.1401121616363525
2.174380302429199
2.954488754272461
0.7004832625389099
1.0357742309570312
2.823580741882324
1.8901090621948242
2.8042192459106445
2.9520225524902344
2.3401033878326416
1.2944555282592773
1.7498135566711426
1.9268827438354492
1.0040645599365234
1.6872563362121582
1.508155345916748
1.6156232357025146
2.8251030445098877
2.285576343536377
2.2683098316192627
1.9850566387176514
1.0105206966400146
2.1630966663360596
1.7474234104156494
1.4696624279022217
3.2976255416870117
3.2121551036834717
2.6725971698760986
2.498185157775879
2.908146619796753
2.997262716293335
1.7279503345489502
2.4722137451171875
0.8635101914405823
1.1633172035217285
3.248469114303589
3.4757320880889893
3.043527841567993
2.42946195602417
2.1881637573242188
2.3745884895324707
2.1315410137176514
1.833327054977417
1.6657989025115967
3.2380051612854004
2.4926910400390625
2.319816827774048
2.3759915828704834
2.348858594894409
2.4826598167419434
2.0411994457244873
1.7214174270629883
2.67185378074646
2.8191709518432617
2.160543441772461
1.963210105895996
2.8338091373443604
2.0562503337860107
2.3346540927886963
2.2726218700408936
2.41620135307312
1.7566514015197754
1.8272721767425537
0.7551272511482239
0.9147995710372925
1.5335125923156738
2.588219165802002
2.5920417308807373
2.1301772594451904
1.9354426860809326
1.5125997066497803
1.6733684539794922
2.0027730464935303
3.2589333057403564
2.558551549911499
2.1685173511505127
2.1747257709503174
2.8876237869262695
1.9056620597839355
2.4040729999542236
1.8488655090332031
2.1329057216644287
2.0946857929229736
2.1475582122802734
2.1515004634857178
1.766319990158081
2.445524215698242
2.1589787006378174
1.5698235034942627
1.2659084796905518
2.7666432857513428
3.1541647911071777
1.980905294418335
1.2226545810699463
1.521960735321045
1.3860485553741455
1.5438604354858398
2.2437684535980225
3.1766834259033203
2.5298964977264404
1.9975829124450684
2.0687930583953857
1.2827012538909912
2.810208559036255
2.689340829849243
2.6421380043029785
2.667644739151001
1.4914498329162598
1.8799805641174316
1.6577250957489014
2.3038134574890137
1.8958418369293213
2.2482962608337402
2.5985724925994873
2.454080820083618
1.929624080657959
1.6861426830291748
1.334512710571289
3.5819766521453857
2.4794437885284424
2.120265245437622
2.1948492527008057
2.3108596801757812
0.8643578886985779
2.5106167793273926
2.3898894786834717
2.7014951705932617
1.9799261093139648
1.548966646194458
1.5124149322509766
2.1053991317749023
3.1948249340057373
2.244508981704712
2.508042097091675
1.6391119956970215
0.8562211990356445
0.9012622833251953
1.4322724342346191
1.3908636569976807
1.337052583694458
1.5212328433990479
1.0828218460083008
1.7665455341339111
2.1467971801757812
1.4349067211151123
1.9084792137145996
1.8821287155151367
2.5000433921813965
1.6854901313781738
1.604879379272461
1.7001330852508545
1.3018794059753418
1.7821719646453857
0.9223515391349792
1.7643733024597168
1.2540740966796875
1.8886146545410156
1.3653361797332764
2.55064058303833
1.7152512073516846
2.323504686355591
1.2623000144958496
2.2358996868133545
1.572291374206543
1.4863917827606201
1.5873818397521973
1.3636369705200195
1.368445873260498
1.466475248336792
1.224776268005371
1.9814155101776123
1.3097734451293945
1.499701976776123
1.0828990936279297
2.4266550540924072
1.9357373714447021
1.5085127353668213
1.772721529006958
1.4873592853546143
1.1150643825531006
2.080984354019165
1.4257712364196777
1.248694896697998
0.8327623009681702
0.8416012525558472
1.266456127166748
0.9520568251609802
1.8307600021362305
1.799306869506836
1.9750750064849854
1.5730488300323486
0.9112963676452637
1.483327865600586
1.7363061904907227
1.6388542652130127
1.7226862907409668
1.6311578750610352
1.7983078956604004
1.9962849617004395
1.488405466079712
2.8455238342285156
1.5901696681976318
2.208052396774292
2.407648801803589
2.2232136726379395
1.7653250694274902
1.567345380783081
1.451456069946289
2.2299892902374268
1.68147611618042
1.6894853115081787
1.7033562660217285
1.5651650428771973
1.0635511875152588
0.9349899888038635
0.9540313482284546
3.78157114982605
2.1511566638946533
1.9732506275177002
2.316478729248047
1.840165615081787
2.2377514839172363
2.0399434566497803
2.24804425239563
2.8650715351104736
1.9482495784759521
1.697624683380127
1.7807390689849854
2.452702283859253
1.1671462059020996
1.9036593437194824
1.8705461025238037
2.2557077407836914
2.2114856243133545
2.810102701187134
1.757533311843872
2.3282315731048584
1.5888946056365967
1.739471435546875
1.7079782485961914
2.657154083251953
1.8422250747680664
1.610846757888794
0.7678223252296448
2.5080859661102295
2.723472833633423
2.324772834777832
1.8394501209259033
3.043227434158325
2.8705453872680664
3.0806074142456055
1.9806349277496338
2.259850263595581
2.35163950920105
2.826045036315918
2.4284775257110596
2.4494216442108154
2.117107629776001
2.4398581981658936
2.6409783363342285
2.3865647315979004
1.764101505279541
2.2184009552001953
2.467730760574341
2.842986822128296
2.455145835876465
2.800467014312744
3.0931894779205322
2.5497353076934814
1.9022622108459473
1.6229653358459473
1.2843976020812988
1.9756677150726318
1.0795958042144775
1.4385309219360352
1.6327838897705078
3.50272274017334
3.350242853164673
2.4133925437927246
3.129910707473755
2.4242608547210693
3.5019853115081787
3.3264834880828857
2.83432674407959
2.6581435203552246
1.3664093017578125
1.378964900970459
1.54728102684021
1.8931162357330322
2.827423095703125
2.205477714538574
2.982008934020996
2.661451816558838
1.9905691146850586
2.0527570247650146
2.7198102474212646
2.1520862579345703
2.6081926822662354
2.141658067703247
2.902054786682129
2.0469110012054443
2.1765410900115967
3.0832765102386475
1.1798183917999268
2.7939798831939697
3.8677055835723877
3.4983365535736084
3.0314996242523193
1.319627285003662
3.3857688903808594
3.856327772140503
2.139511823654175
2.5747787952423096
2.230624198913574
2.4814798831939697
3.668459415435791
2.9336812496185303
1.9669225215911865
1.7096168994903564
2.1837055683135986
1.2623395919799805
1.688361644744873
3.3495473861694336
4.255393981933594
3.8108692169189453
2.973426103591919
2.0143678188323975
2.0763134956359863
2.0379083156585693
2.210263967514038
2.370983362197876
2.4731199741363525
2.6149747371673584
0.8428555130958557
1.2508342266082764
1.3640928268432617
1.3314526081085205
1.3022561073303223
1.622706651687622
1.7387454509735107
1.7846810817718506
2.6755104064941406
3.1371777057647705
3.1267850399017334
2.6693902015686035
2.6171154975891113
3.2297964096069336
3.2694036960601807
3.5747861862182617
3.934394598007202
3.4757230281829834
2.425929546356201
2.6063950061798096
2.6041948795318604
2.5265371799468994
2.904839277267456
3.257870674133301
3.35162091255188
2.646364450454712
2.031006336212158
1.9624571800231934
2.2364468574523926
2.60892391204834
0.5974802374839783
0.7349184155464172
1.6487393379211426
1.1996307373046875
1.7766690254211426
1.125617504119873
1.8404970169067383
3.293137550354004
2.901819944381714
1.2129449844360352
2.714608907699585
1.2934176921844482
1.6296138763427734
1.1117699146270752
0.6705014705657959
1.0321388244628906
1.8038063049316406
3.194173574447632
2.2882654666900635
2.0767438411712646
2.561950206756592
2.019977569580078
1.7960057258605957
1.6841585636138916
1.6248688697814941
1.970033884048462
3.13356614112854
2.4082682132720947
1.237788438796997
1.5785489082336426
1.1204297542572021
1.4910504817962646
0.9293897151947021
1.1430704593658447
0.9843831658363342
0.8738333582878113
1.138702154159546
1.773932695388794
3.335545778274536
3.0260040760040283
3.9284284114837646
1.3997156620025635
4.124305725097656
3.22074294090271
2.943434476852417
1.4712908267974854
2.2867982387542725
0.7287440896034241
0.7218630313873291
1.387721300125122
2.9912641048431396
1.4718732833862305
2.62330961227417
2.9850518703460693
2.5049831867218018
1.7724013328552246
1.426501989364624
1.1705663204193115
1.1455776691436768
1.687347412109375
1.4435863494873047
0.9482126235961914
2.0003747940063477
1.3436493873596191
1.8299438953399658
1.9408531188964844
1.942568302154541
1.0480163097381592
2.2078113555908203
1.2291247844696045
2.4689910411834717
3.4097535610198975
1.588160753250122
2.1205389499664307
1.2277140617370605
1.708644151687622
1.5477712154388428
1.1998810768127441
0.883696973323822
1.8710246086120605
3.4253337383270264
3.1539220809936523
2.1514816284179688
2.398627996444702
1.827730655670166
3.1847686767578125
3.9240338802337646
3.3061156272888184
3.7869982719421387
2.577014207839966
2.107771635055542
1.6537861824035645
1.9371378421783447
2.078228712081909
1.0886907577514648
2.273585796356201
2.075958013534546
3.441638946533203
3.0675764083862305
2.7980332374572754
2.058056116104126
1.6943202018737793
2.105556011199951
1.9285898208618164
2.7877800464630127
3.1560122966766357
2.4302265644073486
1.7155647277832031
0.7240735292434692
1.0729594230651855
2.988691568374634
3.038881540298462
2.2008304595947266
3.1041574478149414
2.4527201652526855
1.481902837753296
2.945127010345459
3.5896236896514893
2.2488393783569336
1.9993209838867188
1.5229346752166748
1.692331075668335
1.4498131275177002
1.3411622047424316
1.04286789894104
1.202601432800293
1.3404574394226074
1.538031816482544
1.719428300857544
0.9718253016471863
1.1346983909606934
1.5334258079528809
1.0088801383972168
1.0902185440063477
1.4226653575897217
2.4476356506347656
2.325693368911743
1.0683038234710693
3.3233113288879395
1.270036220550537
1.658433437347412
1.5496695041656494
1.1967437267303467
1.8899927139282227
2.716409206390381
2.37019419670105
1.5789458751678467
1.7533893585205078
2.2293968200683594
2.2695281505584717
2.618321180343628
1.8363420963287354
1.465031623840332
1.4968318939208984
1.576361894607544
1.2116737365722656
1.7135913372039795
1.3079392910003662
1.1253821849822998
1.2936427593231201
0.9185048937797546
1.1007633209228516
3.7896692752838135
3.212437152862549
1.1348633766174316
3.4034225940704346
1.401498556137085
1.4810521602630615
1.5774991512298584
1.5675852298736572
1.8363218307495117
2.427828311920166
2.6290488243103027
2.07444167137146
1.600238561630249
2.388944387435913
1.712031364440918
2.387819528579712
1.3507370948791504
1.225625991821289
1.6556060314178467
2.335127115249634
2.0608417987823486
2.145880699157715
1.6289770603179932
2.2689049243927
2.291393280029297
2.3038933277130127
1.8599748611450195
0.7551272511482239
0.9729840159416199
0.8529009222984314
3.001311779022217
3.454301118850708
2.2381985187530518
2.2814643383026123
2.8204684257507324
1.2266514301300049
3.8174073696136475
1.8642463684082031
1.9588541984558105
1.7663006782531738
1.820044994354248
2.029881238937378
1.914351224899292
1.484865427017212
1.9026339054107666
1.5612592697143555
1.6075947284698486
1.4109277725219727
1.3654868602752686
1.5232999324798584
1.7489583492279053
1.8591396808624268
1.7968320846557617
1.4663212299346924
1.9897027015686035
1.6213140487670898
1.1421537399291992
1.5459840297698975
1.1871302127838135
3.4104878902435303
3.6750073432922363
2.981091022491455
1.2196075916290283
1.7727851867675781
3.0994551181793213
2.8922154903411865
2.8889851570129395
2.7072951793670654
1.8570294380187988
1.706101417541504
1.1988658905029297
1.3271770477294922
1.3620641231536865
1.9032957553863525
2.4143497943878174
2.63804030418396
1.3066833019256592
2.0880682468414307
1.4032423496246338
2.2419397830963135
1.2964046001434326
2.1231653690338135
1.3497636318206787
2.0458364486694336
1.8385014533996582
1.70381498336792
2.2366507053375244
0.8353027701377869
0.8899774551391602
0.987174928188324
2.969571828842163
3.548523426055908
3.281832218170166
2.676525592803955
2.7546606063842773
2.4807984828948975
2.992408275604248
2.5473806858062744
3.2681543827056885
2.8342597484588623
1.9898731708526611
1.8836495876312256
1.94364333152771
2.3678057193756104
2.624473810195923
2.254235029220581
2.3100106716156006
2.469604969024658
2.2781922817230225
2.1352453231811523
2.31413197517395
2.9604523181915283
2.8955581188201904
3.058439016342163
3.3217670917510986
2.9646739959716797
2.893873929977417
0.8943763375282288
2.7059097290039062
2.3018441200256348
2.999019145965576
2.1275930404663086
1.7896406650543213
0.8724985718727112
0.6999296545982361
2.549495220184326
1.8596258163452148
0.969275176525116
1.1214542388916016
1.8500666618347168
1.9191341400146484
1.8998756408691406
1.8836872577667236
2.4127321243286133
1.5488159656524658
1.2923634052276611
2.0700395107269287
2.7915685176849365
2.137960433959961
2.6362247467041016
2.6673357486724854
2.515707492828369
2.266115188598633
1.7228176593780518
1.9255211353302002
2.1678717136383057
2.1270663738250732
0.780019223690033
0.9767178297042847
1.1410303115844727
3.5114452838897705
3.113455295562744
2.1990420818328857
2.4156343936920166
3.070298910140991
2.7915008068084717
3.0599074363708496
3.2039263248443604
2.214217185974121
2.5268361568450928
2.121586799621582
2.538111686706543
2.0152337551116943
1.8139278888702393
1.5838170051574707
2.0388026237487793
2.199068069458008
2.038808822631836
2.329972982406616
2.4256057739257812
2.2680985927581787
2.3710875511169434
2.15915584564209
1.849947214126587
2.126889228820801
2.8642473220825195
2.0904951095581055
0.7739571332931519
1.6962182521820068
1.451265573501587
2.0123913288116455
1.8222885131835938
1.7253198623657227
1.4697880744934082
1.863964557647705
1.8877029418945312
2.161379337310791
2.738053560256958
2.0167605876922607
2.0102477073669434
0.9405540823936462
1.2740066051483154
1.9844486713409424
1.0131416320800781
2.204394817352295
1.4653558731079102
1.9628705978393555
1.7058722972869873
1.8652093410491943
1.3426799774169922
1.7695682048797607
1.593583583831787
2.163712739944458
1.7875323295593262
1.771881341934204
1.581113338470459
1.7995529174804688
0.8354917168617249
1.2827479839324951
2.872814893722534
2.904738187789917
2.832054376602173
1.1703035831451416
1.6234087944030762
0.9625791311264038
1.567655324935913
2.1473660469055176
2.5113089084625244
2.1526176929473877
2.123460054397583
2.0722386837005615
2.5443923473358154
2.4051132202148438
2.189803123474121
1.8589727878570557
2.329970121383667
1.4130480289459229
3.165158748626709
2.889277458190918
2.5072450637817383
2.0916907787323
2.2183585166931152
1.9101970195770264
2.3344004154205322
2.371210813522339
1.821136474609375
1.4225831031799316
1.041501522064209
1.8712172508239746
3.3831100463867188
1.8322703838348389
1.8119902610778809
2.071816921234131
2.3560707569122314
3.1921420097351074
2.431025743484497
1.8900578022003174
1.6476202011108398
1.9802536964416504
1.9695534706115723
2.9356534481048584
1.9080345630645752
2.590596914291382
2.3261609077453613
2.314354181289673
1.950124740600586
1.8245298862457275
1.8277204036712646
1.883810043334961
1.8872294425964355
1.8380560874938965
1.8421299457550049
1.998875379562378
1.9862627983093262
2.488147735595703
2.1595799922943115
2.0379369258880615
0.8562025427818298
1.1181650161743164
1.0286533832550049
1.869370460510254
2.762948751449585
2.623509407043457
1.193314790725708
2.9949088096618652
2.0233917236328125
2.2004265785217285
1.0324459075927734
1.7021458148956299
2.0676159858703613
2.5246598720550537
1.9427428245544434
2.146000862121582
2.4061760902404785
1.863684892654419
1.4136631488800049
2.1397387981414795
1.6004314422607422
2.4959185123443604
3.075749158859253
2.388174295425415
2.715290069580078
2.353756904602051
2.535734176635742
1.7141244411468506
1.5146241188049316
1.1876492500305176
1.1998810768127441
1.2529535293579102
0.9772313833236694
1.5124690532684326
1.5042202472686768
2.9254300594329834
2.1507179737091064
1.5574183464050293
3.371756076812744
1.7676074504852295
1.5890352725982666
1.4734935760498047
1.125157117843628
1.4252233505249023
2.2884154319763184
3.266141176223755
2.850027561187744
2.590029239654541
1.7701606750488281
1.0695016384124756
1.944908618927002
1.732506275177002
2.6852681636810303
2.419945478439331
1.7278947830200195
1.1820664405822754
1.4758446216583252
2.353409767150879
2.931504964828491
1.1245262622833252
2.666905164718628
1.1539487838745117
1.322716474533081
1.5315098762512207
3.0973751544952393
1.8707005977630615
2.9843177795410156
2.657355308532715
3.5516903400421143
2.4033164978027344
2.3029398918151855
2.6104233264923096
2.3588433265686035
1.7720603942871094
3.2691357135772705
3.3352179527282715
3.0909180641174316
2.865544557571411
2.7344119548797607
2.528412342071533
2.025209665298462
1.0485162734985352
2.2287094593048096
1.475660800933838
1.790762186050415
1.8195462226867676
3.5255990028381348
2.928417444229126
3.164201498031616
1.7972536087036133
3.5137417316436768
2.0181357860565186
2.7752509117126465
2.172741174697876
2.2452571392059326
2.045016050338745
2.362231969833374
1.5478124618530273
1.6350622177124023
1.6112921237945557
2.433866500854492
1.5737972259521484
1.6424686908721924
2.3935091495513916
1.919372320175171
2.268207311630249
2.713935613632202
1.2573213577270508
1.5738468170166016
2.257181406021118
2.3896005153656006
1.8030662536621094
1.7349331378936768
1.7478899955749512
2.0022904872894287
1.382584810256958
1.4848904609680176
1.7781693935394287
2.9027721881866455
2.3029258251190186
0.7863427996635437
0.9048752784729004
3.1060068607330322
2.382507085800171
3.310260057449341
3.3420984745025635
3.82991623878479
3.103386640548706
2.3992393016815186
2.3302860260009766
2.6713337898254395
2.898038625717163
3.2884433269500732
2.3079702854156494
1.8160510063171387
2.1539993286132812
3.445707082748413
3.796506404876709
3.760404109954834
3.180387020111084
2.937938690185547
2.2264978885650635
3.4676878452301025
2.42341947555542
3.2461204528808594
2.754197835922241
2.2582669258117676
3.119216203689575
2.742727518081665
2.6659951210021973
0.7664263844490051
1.0824744701385498
1.0136604309082031
1.650102138519287
2.465500831604004
3.2355406284332275
2.686213731765747
3.24157452583313
2.9624102115631104
2.922220468521118
1.4276700019836426
1.801931381225586
2.3555572032928467
2.4110541343688965
3.040522575378418
2.6410839557647705
2.0003855228424072
2.980879068374634
3.6003191471099854
2.226332426071167
2.7600667476654053
2.1149632930755615
1.8529331684112549
2.1463940143585205
2.2676377296447754
3.3111112117767334
3.235790491104126
3.0788581371307373
2.4178175926208496
2.009117364883423
1.4784767627716064
1.3438150882720947
3.0130293369293213
1.784677505493164
1.9945683479309082
1.7886159420013428
1.6176331043243408
1.6152136325836182
1.83359956741333
2.1485893726348877
1.3062376976013184
1.5041425228118896
1.2476730346679688
1.6678669452667236
1.229511022567749
1.8399369716644287
1.1541547775268555
1.5876505374908447
1.3823847770690918
1.1442196369171143
1.075254201889038
1.3498377799987793
1.5239605903625488
1.2979717254638672
1.1444077491760254
1.4851467609405518
1.9607107639312744
1.3606925010681152
1.9384934902191162
0.8641676306724548
0.9759772419929504
1.0528688430786133
1.3142366409301758
1.1529502868652344
1.0589444637298584
1.7550239562988281
1.3751184940338135
2.2188501358032227
1.9672083854675293
1.6758449077606201
1.3498659133911133
2.9122092723846436
3.0764553546905518
2.67989182472229
2.589186191558838
2.565492630004883
2.909816026687622
1.8860554695129395
1.9746086597442627
1.6746351718902588
2.5138089656829834
2.603289842605591
2.5637824535369873
2.281442880630493
2.2856249809265137
2.248758554458618
2.250183343887329
1.5463130474090576
3.247753143310547
2.0866453647613525
1.129490613937378
3.495046377182007
2.040210485458374
3.340972661972046
2.4501664638519287
3.205034017562866
1.425842523574829
1.516662836074829
1.3601500988006592
1.1778264045715332
1.5213189125061035
1.3428781032562256
2.5877251625061035
0.9202637076377869
3.468618631362915
2.170142889022827
1.3349921703338623
1.090090036392212
1.6645033359527588
1.3561689853668213
1.267259120941162
1.159621238708496
0.9707717299461365
1.4933569431304932
1.5227150917053223
1.5061814785003662
1.469405174255371
1.096501111984253
1.6960163116455078
2.038332462310791
0.9245602488517761
1.1410503387451172
1.198599100112915
1.4955055713653564
0.8937062621116638
1.2650415897369385
1.0353350639343262
0.9134096503257751
1.533522129058838
2.6520802974700928
2.852979898452759
2.3513591289520264
1.195647954940796
1.55375075340271
1.6629688739776611
1.3523235321044922
0.7785553336143494
0.9084082841873169
1.928084135055542
2.9869511127471924
2.0805511474609375
1.250150203704834
2.3803350925445557
2.3056840896606445
2.6149513721466064
2.0546255111694336
2.108023166656494
1.9279146194458008
1.799191951751709
1.1123278141021729
2.1585519313812256
1.2806074619293213
2.6185762882232666
1.937840223312378
2.4988832473754883
3.3972346782684326
2.731783151626587
1.6732947826385498
1.9029483795166016
1.2869133949279785
2.427696466445923
1.439772129058838
1.608210563659668
1.124420166015625
2.5072152614593506
2.3142030239105225
1.7741479873657227
1.0336556434631348
1.0988225936889648
0.9406660199165344
3.83927321434021
3.2700624465942383
3.032219171524048
3.6042377948760986
2.0667402744293213
1.9928808212280273
1.5691437721252441
3.101613998413086
3.9449710845947266
2.952929735183716
1.424607515335083
2.1001193523406982
0.9560869336128235
1.3356943130493164
1.5904569625854492
1.8228778839111328
2.1650631427764893
2.047159433364868
2.2002787590026855
3.9544644355773926
3.1746504306793213
2.5830047130584717
3.5984079837799072
3.2483749389648438
3.169111490249634
2.5421910285949707
1.4752976894378662
1.2266991138458252
1.6616506576538086
1.9848387241363525
1.6866605281829834
3.338780164718628
2.2837181091308594
2.086578607559204
2.093747138977051
1.3270812034606934
2.0218164920806885
1.2197415828704834
1.8055341243743896
2.432091474533081
2.4348886013031006
2.6080381870269775
2.3104958534240723
1.1987347602844238
1.9910492897033691
1.9114482402801514
2.113301992416382
2.384320020675659
2.735217809677124
2.3442189693450928
2.3387229442596436
1.2511792182922363
1.751760721206665
1.3320791721343994
0.9307846426963806
1.2651562690734863
2.355578660964966
