0.8673311471939087
0.8708038330078125
1.9767488241195679
1.1547179222106934
1.2788828611373901
1.3565864562988281
1.9599114656448364
2.1088056564331055
1.499428391456604
0.753402829170227
0.22114448249340057
0.7785907983779907
1.3462247848510742
0.7816017270088196
1.9248697757720947
2.134800910949707
2.100618362426758
2.087948799133301
1.9977720975875854
1.4271278381347656
0.37181931734085083
0.42823004722595215
0.24456147849559784
0.4653114676475525
0.37736275792121887
0.9581211805343628
1.8666596412658691
1.6785777807235718
1.1864237785339355
1.4281004667282104
1.0546599626541138
1.0469194650650024
0.9032778143882751
0.8218173980712891
1.039441704750061
2.0070061683654785
1.974386215209961
1.7322038412094116
0.6110981106758118
1.7992044687271118
1.539082407951355
1.7065272331237793
0.08282814919948578
1.2715903520584106
1.414017677307129
1.9386930465698242
1.6825867891311646
1.2796343564987183
1.596696138381958
1.1819850206375122
1.0406886339187622
1.8059725761413574
1.405791997909546
1.2927674055099487
0.8167218565940857
1.1310250759124756
1.0846372842788696
1.6623588800430298
1.5059438943862915
1.0612300634384155
0.660687267780304
0.33822986483573914
0.30309951305389404
1.0219155550003052
1.9117963314056396
1.9450591802597046
1.7730517387390137
2.053190231323242
1.324414610862732
1.2505720853805542
1.0733283758163452
0.9587424993515015
0.1031319722533226
0.3601808547973633
1.6133478879928589
1.0573465824127197
0.9261442422866821
0.6807717084884644
1.7999820709228516
0.8385960459709167
0.6422454714775085
0.5971840620040894
0.6742042899131775
0.7265521883964539
0.17010021209716797
0.47431427240371704
0.2230130136013031
-0.12867698073387146
0.34437811374664307
0.23461408913135529
0.9443728923797607
0.9499989151954651
0.9629674553871155
1.0275715589523315
1.8338035345077515
1.6810822486877441
1.0803301334381104
1.1106942892074585
0.9491713047027588
1.671836495399475
2.1027421951293945
1.8433294296264648
1.2303988933563232
1.0981040000915527
1.1461937427520752
1.026863694190979
1.031040906906128
1.3172800540924072
1.300319790840149
0.608624279499054
1.1571449041366577
1.5810959339141846
1.8021577596664429
1.146929383277893
1.0533781051635742
1.1929829120635986
0.52388995885849
0.7015398740768433
0.8719592094421387
0.7951995134353638
0.9001344442367554
0.8502420783042908
2.149272918701172
2.0476064682006836
1.73017156124115
1.5983878374099731
1.546311616897583
1.9713670015335083
1.9907101392745972
1.9247030019760132
1.4500025510787964
1.1984754800796509
1.012272596359253
1.798566460609436
1.5721622705459595
1.9049831628799438
0.7420989274978638
1.3267673254013062
0.6078381538391113
0.19916464388370514
0.17616817355155945
0.19388598203659058
0.8081778883934021
1.4781818389892578
0.5612323880195618
0.547650933265686
0.8971017599105835
0.6213933825492859
1.036966323852539
0.7013027667999268
0.9663457870483398
1.0170601606369019
2.000455856323242
1.7075663805007935
0.9975076913833618
0.889055609703064
1.3698925971984863
1.368036150932312
1.2193866968154907
1.1700764894485474
1.145743727684021
1.1493016481399536
1.2319775819778442
1.3649219274520874
1.0746327638626099
1.4830840826034546
1.688659906387329
1.4678186178207397
1.5015028715133667
1.806850790977478
1.709487795829773
1.4764034748077393
1.1223748922348022
0.9133319854736328
0.5280784368515015
1.2092863321304321
1.1714023351669312
1.1702090501785278
1.4325145483016968
1.0948765277862549
1.0405685901641846
1.0271166563034058
1.1293531656265259
1.0695782899856567
1.029508352279663
0.8672596216201782
0.6130033731460571
0.9027981758117676
1.062965750694275
1.0348145961761475
0.8027102947235107
0.7696765065193176
0.909816563129425
0.9536817073822021
0.8271395564079285
0.9075989723205566
0.7041376829147339
0.9242047667503357
1.0553306341171265
0.5027030110359192
0.5142920613288879
1.6907613277435303
1.9771320819854736
2.1248741149902344
1.9928227663040161
1.9775673151016235
2.0217227935791016
0.9470036625862122
0.5826641321182251
1.5548491477966309
1.3955672979354858
0.868371307849884
1.1414484977722168
1.9759570360183716
1.6959134340286255
1.557982325553894
1.5150583982467651
1.4036734104156494
1.0489184856414795
0.2791087329387665
1.3192194700241089
0.5827570557594299
0.03312592953443527
0.06397490203380585
1.122244954109192
0.7429421544075012
0.776812732219696
1.8767530918121338
1.9722795486450195
2.09293270111084
1.499192476272583
1.7119187116622925
1.7225728034973145
0.9331337213516235
1.5717319250106812
1.3755730390548706
1.5909291505813599
1.6717325448989868
1.819208025932312
1.3476871252059937
1.7332549095153809
1.9151524305343628
1.8768573999404907
1.9099751710891724
1.9563502073287964
1.8407621383666992
1.7193187475204468
1.1811531782150269
1.0846633911132812
1.2909950017929077
0.9787478446960449
1.1477532386779785
1.6823259592056274
0.6882131099700928
1.5113868713378906
1.2848166227340698
1.3102341890335083
1.6290231943130493
1.877856731414795
0.9066562652587891
1.047610878944397
2.117248058319092
1.3990260362625122
1.5896352529525757
1.8928457498550415
1.9357737302780151
1.174554705619812
0.9569787979125977
1.2003384828567505
0.9185454845428467
1.123505711555481
0.6917790174484253
0.8742881417274475
1.597168207168579
1.3105270862579346
1.1709749698638916
1.0923329591751099
0.8941468000411987
1.3932021856307983
1.3610177040100098
1.2376211881637573
1.9925262928009033
1.9821363687515259
1.6785403490066528
1.6464662551879883
1.7886253595352173
1.647389531135559
0.9023705720901489
0.3644690215587616
0.8753131628036499
0.8171624541282654
2.037257194519043
2.10263729095459
1.852439284324646
1.1603667736053467
1.819962501525879
1.6158028841018677
1.564864993095398
1.051533818244934
0.7750853896141052
2.011115550994873
1.2424730062484741
0.7653747797012329
0.23380258679389954
0.025444883853197098
0.325239896774292
1.2875393629074097
0.5065809488296509
1.3109813928604126
2.0755858421325684
1.8592890501022339
1.9262809753417969
1.8277230262756348
1.734988808631897
1.987549066543579
1.66231107711792
1.4822101593017578
0.1965051144361496
0.04327952489256859
1.0777822732925415
0.9422422647476196
1.0359388589859009
1.5212690830230713
1.9430351257324219
1.978859543800354
1.742812991142273
1.0823838710784912
1.2241462469100952
1.1222256422042847
1.9306615591049194
1.2345067262649536
1.6256552934646606
1.9483850002288818
1.7345181703567505
1.7399228811264038
1.9103038311004639
1.3792047500610352
0.617419421672821
0.6178697347640991
1.84994375705719
1.942367672920227
1.4126547574996948
0.4239500164985657
1.4574428796768188
1.730483889579773
1.2972877025604248
1.9934684038162231
1.9739556312561035
0.43012651801109314
0.6831773519515991
0.5127267837524414
0.3481346070766449
0.33543452620506287
0.41785934567451477
1.9661568403244019
1.828521966934204
1.2307859659194946
1.4805618524551392
1.2320903539657593
2.030503273010254
1.9966849088668823
1.9766907691955566
1.9408115148544312
1.0954467058181763
0.877427339553833
0.4589858949184418
0.0732867643237114
0.840351939201355
0.6954663991928101
1.7590978145599365
1.57715904712677
0.560789942741394
0.31119057536125183
0.9669804573059082
1.784932017326355
1.2922090291976929
0.6846883893013
0.2123504877090454
-0.08798782527446747
0.6441570520401001
-0.12606024742126465
-0.0944625735282898
0.0625372976064682
1.1612216234207153
1.122988224029541
1.2443429231643677
1.407572627067566
2.0132107734680176
1.8586887121200562
1.6902830600738525
0.9127952456474304
0.8102319240570068
0.8534114360809326
0.7524682283401489
0.6258755326271057
0.9346743822097778
1.2917442321777344
0.8814844489097595
1.3545639514923096
1.7535332441329956
1.2480558156967163
1.564601182937622
1.3063949346542358
1.6981030702590942
1.0681370496749878
0.8098463416099548
0.7492023706436157
0.8206951022148132
0.7014918923377991
1.0549520254135132
1.4231535196304321
0.9832504987716675
1.2625879049301147
1.145484209060669
1.7067610025405884
1.239175796508789
1.540892243385315
1.153406023979187
0.9772769212722778
1.2915024757385254
1.6065447330474854
1.2111389636993408
1.055526614189148
1.020440697669983
1.1369255781173706
0.9469200968742371
1.5287775993347168
1.007167100906372
1.146612524986267
0.9347233772277832
0.2625215947628021
1.0795639753341675
1.4368447065353394
1.57874596118927
1.1605958938598633
0.9517980813980103
1.4962718486785889
1.0849207639694214
1.4073748588562012
0.9386164546012878
0.8219959735870361
0.8793065547943115
0.9997700452804565
0.7917956113815308
1.251015305519104
1.798389196395874
1.4633746147155762
0.9109178185462952
1.1779826879501343
0.9757469892501831
0.9575306177139282
1.1383625268936157
1.6157065629959106
1.4139641523361206
1.3850830793380737
1.3882544040679932
2.047542095184326
1.1194814443588257
0.6403368711471558
0.5938049554824829
1.4440051317214966
1.3108959197998047
1.1779483556747437
1.161953091621399
0.8582249283790588
1.7951675653457642
1.1862603425979614
1.0576056241989136
1.2053883075714111
0.7146444916725159
0.8837622404098511
1.2605915069580078
2.0888986587524414
1.894309163093567
1.5720127820968628
1.6287418603897095
1.0929665565490723
1.5280879735946655
1.2016137838363647
1.8103944063186646
1.940016269683838
1.2957383394241333
0.6345677375793457
0.5649269223213196
1.4142131805419922
0.8765947818756104
1.0446642637252808
0.5626893639564514
0.3811017870903015
0.334969699382782
0.2825184762477875
0.38729336857795715
1.6385422945022583
1.10543954372406
1.153504490852356
0.33392274379730225
0.2158302515745163
0.5213977694511414
0.09928112477064133
1.0672059059143066
1.6894999742507935
1.7691415548324585
1.6310917139053345
1.3060346841812134
1.8698185682296753
1.0552587509155273
1.7644387483596802
1.475490927696228
1.3793716430664062
1.3317424058914185
1.849184513092041
1.7049360275268555
1.6578773260116577
1.5196377038955688
1.4578434228897095
1.5018733739852905
1.5524070262908936
1.1390937566757202
1.6148953437805176
1.790507435798645
1.8844789266586304
1.6634365320205688
1.9336787462234497
1.860479474067688
1.5577133893966675
0.37433022260665894
-0.03955143690109253
0.4116878807544708
0.5711408257484436
0.6176003813743591
0.3535253703594208
0.7198416590690613
2.1056108474731445
2.0871033668518066
1.7842596769332886
1.9003595113754272
1.7807259559631348
2.0131235122680664
2.0070624351501465
1.965398907661438
1.9943641424179077
0.9294567108154297
1.0293262004852295
1.0719807147979736
1.6708022356033325
1.9222427606582642
1.5649155378341675
1.4355789422988892
1.608383059501648
0.9832742214202881
1.7307652235031128
1.8339622020721436
1.7089945077896118
1.7937397956848145
1.4752228260040283
1.6524763107299805
1.3297315835952759
1.4691301584243774
2.002377510070801
0.9848055839538574
2.0149359703063965
2.1307663917541504
2.108621120452881
1.981271743774414
1.1861677169799805
1.9606307744979858
2.084115982055664
1.6888126134872437
1.719116449356079
1.249943733215332
1.8812178373336792
2.115588665008545
1.8379877805709839
1.0780529975891113
1.6829594373703003
1.4412959814071655
1.0195059776306152
1.638167381286621
2.0190634727478027
2.069746971130371
2.165485382080078
1.9325157403945923
1.6728609800338745
0.6979095935821533
0.2698782682418823
1.3954743146896362
1.3582922220230103
0.4272771179676056
0.12886852025985718
0.8705045580863953
0.543502926826477
0.46040579676628113
0.8105104565620422
1.4110214710235596
1.409411072731018
1.4791220426559448
1.7051607370376587
2.005136013031006
1.9987989664077759
1.863364338874817
1.789293646812439
1.711114525794983
1.9788061380386353
2.0911126136779785
2.055241584777832
1.9419094324111938
2.027562141418457
1.9338620901107788
1.9369522333145142
1.7059186697006226
1.8665896654129028
2.075295925140381
2.108213424682617
2.0245742797851562
1.6180170774459839
1.1169928312301636
0.5245459079742432
1.2234991788864136
1.5331836938858032
1.0377551317214966
1.0950939655303955
1.2265117168426514
1.1325502395629883
1.420113205909729
1.0799180269241333
1.7313472032546997
1.9851330518722534
0.25846409797668457
0.9134215116500854
1.2903857231140137
1.055585503578186
0.9004625678062439
0.9110229015350342
1.0852996110916138
1.2365642786026
1.901495099067688
2.0860328674316406
1.748584508895874
1.7424486875534058
1.8394047021865845
1.32938814163208
1.5287474393844604
1.378774642944336
0.7762066125869751
0.5761625170707703
1.998766541481018
1.7542786598205566
0.7215700149536133
0.268647164106369
0.8967313766479492
1.2114671468734741
1.0199967622756958
1.0782194137573242
1.0838817358016968
0.9822813272476196
0.9438111186027527
1.2494938373565674
2.0991153717041016
2.056035041809082
2.1415047645568848
1.2494233846664429
1.9560611248016357
1.968278169631958
1.868404746055603
1.1623135805130005
1.6300647258758545
1.06440007686615
1.044568419456482
1.4642771482467651
1.9387191534042358
1.7373720407485962
1.9479312896728516
1.9905003309249878
1.4681663513183594
1.0533186197280884
0.9808385372161865
1.0170587301254272
1.1796634197235107
1.4572488069534302
1.4853465557098389
1.173897385597229
1.6197723150253296
1.1462210416793823
0.9987164735794067
0.2920498847961426
0.9769718050956726
0.9186234474182129
0.4405279755592346
1.0662124156951904
1.8922594785690308
2.1017556190490723
1.5104527473449707
0.35578230023384094
0.6960122585296631
0.7637003660202026
0.6807091236114502
0.6581146717071533
0.920253574848175
1.892318606376648
2.0875840187072754
1.9979861974716187
1.7423051595687866
1.3689827919006348
0.9574337601661682
2.080986976623535
1.9990122318267822
2.0441832542419434
2.0679702758789062
1.8420319557189941
1.0708017349243164
0.546183168888092
0.2500185966491699
0.01529991626739502
0.5291098356246948
0.09175071120262146
0.1567569375038147
-0.07518156617879868
0.9119601249694824
1.4506722688674927
1.6104978322982788
0.6876494288444519
0.6507861614227295
1.494547724723816
1.3948222398757935
1.9338971376419067
1.434836745262146
1.7213107347488403
1.24419105052948
1.1123425960540771
1.9609898328781128
2.1290740966796875
2.028224468231201
2.0932159423828125
1.9277364015579224
1.7472929954528809
1.6193541288375854
2.048370838165283
1.67662513256073
1.7747206687927246
1.322790265083313
0.22323764860630035
0.9303247332572937
1.0653269290924072
1.012579083442688
1.065748929977417
0.9637302160263062
1.0982002019882202
0.6605992317199707
0.8232050538063049
0.6021278500556946
0.457719087600708
0.6990948915481567
0.945921778678894
1.2262316942214966
1.8245389461517334
1.7100162506103516
1.3239041566848755
1.9400659799575806
1.087107539176941
0.8049005270004272
0.5479074120521545
0.8559422492980957
1.3034957647323608
1.8734108209609985
2.0310449600219727
1.4367412328720093
1.3876821994781494
2.021533489227295
0.693213939666748
0.3102542757987976
0.7786679267883301
1.4521843194961548
1.4398417472839355
1.0833749771118164
0.7821320295333862
0.11158677935600281
0.16201844811439514
0.8858309984207153
0.9464187026023865
0.9761133193969727
1.1235153675079346
2.0841269493103027
1.9166538715362549
1.147786021232605
2.0778560638427734
1.2189875841140747
1.5408157110214233
1.3462576866149902
1.377848744392395
1.6607999801635742
1.6878151893615723
1.813238263130188
1.6620327234268188
1.1497077941894531
0.7589738368988037
1.4085863828659058
1.6798961162567139
1.1871273517608643
0.9835936427116394
1.288472056388855
1.0243953466415405
0.5778203010559082
0.2836480438709259
1.2251132726669312
0.9565223455429077
0.6200108528137207
0.4672543704509735
1.0456801652908325
1.0777822732925415
1.002070665359497
1.0317127704620361
2.017697334289551
2.0979866981506348
1.888121485710144
1.9915434122085571
2.0146965980529785
1.2167929410934448
2.1334657669067383
1.7360286712646484
1.7529829740524292
1.5640617609024048
1.6160818338394165
1.8736371994018555
1.8418806791305542
1.1470119953155518
1.3069406747817993
1.0685347318649292
0.950273871421814
1.0123447179794312
1.1286896467208862
1.3150023221969604
1.7015942335128784
1.5565897226333618
1.8574193716049194
0.9020979404449463
1.5344985723495483
1.5018128156661987
0.9339655637741089
0.4928359389305115
0.9474290609359741
2.160031318664551
2.125558376312256
1.384950041770935
1.4717309474945068
0.9684493541717529
1.9981564283370972
2.0264363288879395
1.858183741569519
0.9624093174934387
1.832250952720642
1.5633755922317505
1.183747410774231
1.2449727058410645
1.2440751791000366
1.472920298576355
0.913253128528595
1.8166428804397583
1.0081480741500854
1.2146363258361816
1.244022250175476
2.084408760070801
0.9486986994743347
1.722657322883606
0.8978344202041626
1.9357014894485474
1.6984457969665527
1.0477492809295654
0.3973901569843292
0.9475829601287842
0.9002752900123596
0.9325461387634277
1.9583961963653564
2.0408058166503906
1.9857304096221924
1.9675570726394653
2.035163402557373
2.0088820457458496
1.9307252168655396
2.038145065307617
2.0574145317077637
1.5941225290298462
1.7907483577728271
1.5442849397659302
1.6282272338867188
1.8913309574127197
1.9343451261520386
1.0114262104034424
0.33914440870285034
0.5401983857154846
1.8951448202133179
1.9055452346801758
1.7678347826004028
2.078408718109131
1.96433687210083
0.3391685485839844
1.6232868432998657
0.7374852895736694
0.7335085272789001
0.9687688946723938
1.1314222812652588
0.8847072124481201
2.0606765747070312
1.7338075637817383
1.8198541402816772
1.0846339464187622
1.1551282405853271
2.0331130027770996
1.6100008487701416
1.0963720083236694
0.9937682151794434
0.46726658940315247
2.0243916511535645
1.932083010673523
1.851146936416626
2.0361533164978027
1.6670905351638794
1.1274746656417847
1.675824761390686
2.0029659271240234
2.056023120880127
2.083418369293213
1.9009969234466553
2.0591068267822266
1.9499832391738892
1.490606665611267
1.3605793714523315
0.8654814958572388
0.36629289388656616
0.8828604221343994
0.7975442409515381
0.8805054426193237
2.0551934242248535
2.0632805824279785
1.598399043083191
1.7185872793197632
1.7136503458023071
1.971558690071106
2.0324325561523438
1.9712220430374146
1.8596538305282593
1.7167530059814453
1.2799078226089478
1.184958577156067
1.0831544399261475
0.8875046968460083
0.8925498127937317
1.1297091245651245
0.6210460662841797
0.44053131341934204
0.8886042833328247
1.2802528142929077
1.3776236772537231
0.9386811852455139
0.6626780033111572
1.2940536737442017
1.9405313730239868
1.7888470888137817
1.655665397644043
0.8984472751617432
0.816347599029541
0.9879431128501892
0.792961597442627
1.183026671409607
1.049568772315979
0.9037436246871948
0.8749657869338989
1.2900753021240234
1.6110581159591675
1.8288694620132446
0.3334338068962097
0.20541566610336304
0.782099723815918
0.8313776254653931
1.5930147171020508
0.9888738393783569
1.754583477973938
1.2439907789230347
1.2199362516403198
1.0303031206130981
1.1952571868896484
1.0191739797592163
1.0574836730957031
0.9448040723800659
0.5803207755088806
0.3489079475402832
0.5275601148605347
0.4093194305896759
0.5360996127128601
0.819343090057373
0.6757370829582214
1.8986271619796753
2.0188536643981934
1.8147231340408325
0.9400235414505005
0.9345810413360596
0.869525134563446
0.8149871826171875
1.7878185510635376
1.8774374723434448
1.6460649967193604
1.6430414915084839
1.774586796760559
1.786118507385254
1.8771648406982422
1.5772063732147217
1.69167160987854
1.629284381866455
1.3260194063186646
2.0523695945739746
1.6663258075714111
0.4408697187900543
1.1512590646743774
0.24954679608345032
1.3243409395217896
1.4594992399215698
1.7711325883865356
1.037255048751831
0.6316821575164795
0.8917595744132996
1.0343478918075562
2.002875328063965
1.3627914190292358
1.6414155960083008
1.7487643957138062
1.933431625366211
2.1485843658447266
2.0083365440368652
1.2743103504180908
0.8571458458900452
0.8499737977981567
0.7340047955513
1.6714876890182495
1.1965491771697998
0.44295501708984375
1.0569204092025757
0.8716664910316467
0.5360956192016602
0.8050570487976074
1.0448153018951416
0.7044192552566528
0.2938215434551239
0.46037375926971436
0.5311770439147949
1.239267110824585
1.156348705291748
1.054866075515747
0.6487295031547546
0.5156736969947815
0.849996030330658
0.674038827419281
0.9344303011894226
1.2774447202682495
1.9622679948806763
1.9689053297042847
1.1863467693328857
1.8356696367263794
1.2457726001739502
1.5383837223052979
0.7342936396598816
0.33268046379089355
-0.054590482264757156
-0.20020948350429535
-0.11999955028295517
-0.05138689652085304
0.5488253235816956
0.4482240378856659
0.7486484050750732
1.265125036239624
1.0558708906173706
0.9712920188903809
1.54983651638031
0.24958458542823792
1.3699575662612915
1.4177589416503906
1.1470388174057007
0.11697662621736526
0.18959581851959229
0.7064048051834106
0.6581142544746399
0.7357159852981567
0.7121696472167969
0.5228278636932373
1.0486513376235962
1.8321442604064941
1.372411847114563
1.6147456169128418
1.677520751953125
0.7784503698348999
0.6286914944648743
0.6107485890388489
0.9086689352989197
0.7827156782150269
0.2449832707643509
2.02040433883667
1.715532660484314
1.34536874294281
1.3068639039993286
1.0618757009506226
1.0128024816513062
0.6456234455108643
-0.09509868919849396
-0.05898022651672363
0.49819034337997437
1.041913390159607
0.9671013355255127
0.5481907725334167
0.0693892166018486
0.7311537861824036
1.84084951877594
0.5939252972602844
0.3787866532802582
0.49796062707901
2.0003714561462402
1.631651520729065
2.086498260498047
2.0666427612304688
2.1615042686462402
2.1436142921447754
2.059544086456299
2.0834732055664062
1.7477668523788452
1.3045247793197632
1.9679608345031738
1.6528172492980957
1.9959673881530762
1.9466904401779175
1.4735523462295532
0.5854473114013672
0.766745388507843
0.7664557695388794
0.6916494965553284
0.46005135774612427
0.8900561928749084
1.260337471961975
1.8899149894714355
1.9883588552474976
2.035926342010498
1.0975934267044067
1.801540493965149
1.646119236946106
2.006145477294922
2.004603862762451
1.8931114673614502
1.663483738899231
1.9147756099700928
1.3932493925094604
1.855059027671814
1.4432107210159302
1.6061314344406128
1.1095905303955078
1.2315007448196411
1.8405801057815552
1.1255269050598145
1.635887622833252
1.988488793373108
1.1270827054977417
1.2924174070358276
0.6292725205421448
0.5418484210968018
0.10022023320198059
0.5478390455245972
0.49483028054237366
0.41662660241127014
0.9392286539077759
0.9600162506103516
0.538644015789032
1.881881833076477
1.42451012134552
0.9654772281646729
1.1022413969039917
1.9726101160049438
1.8116406202316284
2.035825729370117
2.042923927307129
2.126032829284668
2.093466281890869
0.30126211047172546
0.3437129855155945
-0.20274847745895386
0.034776583313941956
1.1685839891433716
1.335687279701233
0.7954358458518982
1.945654273033142
1.9737657308578491
2.2051024436950684
2.1277365684509277
2.1131505966186523
2.0436840057373047
1.7466524839401245
1.9295533895492554
1.699006199836731
1.9604928493499756
1.6410787105560303
1.5869685411453247
1.923824667930603
1.6850239038467407
1.9002431631088257
0.9584118127822876
0.9060813784599304
0.7230847477912903
0.4501935541629791
1.2563897371292114
1.9730252027511597
1.6422055959701538
2.0778870582580566
2.074700355529785
1.9816442728042603
0.9828564524650574
1.2402526140213013
1.9030474424362183
1.9699337482452393
1.9367961883544922
1.9172486066818237
1.7069529294967651
1.7933450937271118
2.132028102874756
1.7299774885177612
1.3958032131195068
0.4995841979980469
1.4202674627304077
1.2689454555511475
1.9287621974945068
2.151632308959961
2.001610279083252
1.2381446361541748
0.44808241724967957
0.5114343166351318
0.5938540697097778
0.5741686820983887
2.101400852203369
1.7638201713562012
1.7893779277801514
1.6537643671035767
1.6747010946273804
1.683135986328125
1.2140125036239624
1.900888442993164
1.7337251901626587
1.5482250452041626
0.9044057130813599
0.594987154006958
1.122950553894043
1.492893934249878
1.0533745288848877
0.9230630397796631
0.9172202944755554
1.0193462371826172
0.9656058549880981
0.9024349451065063
0.7359395027160645
0.8127592206001282
0.8516724109649658
0.7748163938522339
1.0129921436309814
1.09308922290802
1.1815375089645386
0.9306870698928833
0.854590117931366
0.6466675996780396
0.46066075563430786
0.7121216058731079
0.8068759441375732
1.3721009492874146
0.9214163422584534
1.8321150541305542
1.194926142692566
0.9349650144577026
1.2044718265533447
2.1511712074279785
2.2275466918945312
2.093560218811035
2.011692523956299
2.0007147789001465
1.8969147205352783
1.5432668924331665
1.681500792503357
1.5031126737594604
1.775101900100708
1.7922741174697876
1.9109829664230347
1.8672932386398315
1.9784553050994873
1.967976689338684
1.7481406927108765
1.6378244161605835
1.9403833150863647
1.6078513860702515
1.0132662057876587
2.111703872680664
1.9658167362213135
2.127530097961426
1.5331295728683472
2.060732364654541
1.2514948844909668
1.4276728630065918
1.2353633642196655
0.9813859462738037
1.1886245012283325
1.2741355895996094
1.9189189672470093
1.1435121297836304
1.9958726167678833
1.7040783166885376
1.327340841293335
0.9776570796966553
1.668799877166748
1.2030112743377686
1.0971267223358154
1.0757317543029785
0.9142518639564514
0.9855823516845703
1.2257317304611206
0.9597995281219482
0.6182815432548523
0.7797633409500122
1.0999839305877686
1.039958119392395
0.8759732246398926
0.7173967957496643
0.6438744068145752
0.6685695052146912
0.8891574144363403
1.0860859155654907
1.0345042943954468
1.1076525449752808
1.6034220457077026
2.1038060188293457
2.053569793701172
1.8128653764724731
1.3539552688598633
1.0695210695266724
1.5873374938964844
1.8145368099212646
1.1070184707641602
0.9695921540260315
1.7403112649917603
2.1929879188537598
1.9490355253219604
0.9653983116149902
1.8066610097885132
1.584862470626831
1.4158103466033936
1.519035816192627
1.4499338865280151
1.1259801387786865
0.9922618269920349
0.6981899738311768
1.1224088668823242
1.5025075674057007
2.037581443786621
0.29612892866134644
1.2307751178741455
2.031099796295166
1.7879934310913086
0.9200440049171448
0.744531512260437
0.9256355166435242
1.3073254823684692
0.9700005054473877
0.6253012418746948
0.9002265930175781
1.649118423461914
0.00449167937040329
0.014121182262897491
0.7329514026641846
0.7475271821022034
0.9876698851585388
2.1001129150390625
2.0588278770446777
1.9837051630020142
2.0203304290771484
1.8202227354049683
1.2548975944519043
1.4814460277557373
1.7079482078552246
1.94475519657135
1.6257115602493286
1.1422306299209595
0.9793105125427246
0.9858282804489136
1.0934220552444458
0.7840481996536255
1.1077483892440796
1.5655707120895386
1.4024194478988647
1.0934640169143677
1.942104458808899
1.6672385931015015
1.789209246635437
1.9547051191329956
2.0714478492736816
2.029796600341797
1.8837567567825317
0.631934404373169
0.6087947487831116
0.2725874185562134
0.04500473290681839
0.7344785928726196
2.1097359657287598
1.7963027954101562
1.8645967245101929
0.8100722432136536
0.8154276609420776
1.617980718612671
1.0262938737869263
1.1659440994262695
1.3416297435760498
1.4403411149978638
0.7882881760597229
1.4625983238220215
0.9681379795074463
1.5270307064056396
1.9151238203048706
1.034586787223816
1.8932688236236572
1.9479708671569824
1.1033788919448853
1.6513198614120483
1.0548948049545288
1.4833154678344727
0.6502903699874878
0.7738257050514221
0.8440818190574646
1.6347991228103638
