0.9883120059967041
0.9434797167778015
2.0935769081115723
1.0616050958633423
1.447926640510559
1.6048312187194824
1.92111074924469
2.0966122150421143
1.815727949142456
0.8148491382598877
0.11289539933204651
0.6238097548484802
1.348760962486267
0.9174013137817383
1.787789225578308
2.1073925495147705
2.0787346363067627
2.099726438522339
2.0134544372558594
1.4668694734573364
0.7618175745010376
0.6078664064407349
0.5735980272293091
0.30304598808288574
0.8026509284973145
0.9785219430923462
1.94925057888031
1.772050380706787
1.042168378829956
1.4615461826324463
0.4756268858909607
0.7364810109138489
0.9337482452392578
0.8048107624053955
0.8934004902839661
2.1065924167633057
2.044447183609009
1.9482444524765015
0.8606230616569519
2.105597972869873
1.2416555881500244
1.8519777059555054
0.39790964126586914
1.5413234233856201
0.9813663363456726
2.067284107208252
1.3496052026748657
1.238011121749878
1.3868694305419922
1.2980616092681885
1.1084413528442383
1.857358694076538
1.31233811378479
1.2298905849456787
1.1429274082183838
1.1740580797195435
1.041795015335083
1.3492882251739502
1.3471111059188843
1.1298531293869019
0.5817053914070129
0.329629123210907
0.07656832039356232
0.8288552761077881
2.0815279483795166
1.7796088457107544
1.932602882385254
2.1509015560150146
1.2756963968276978
1.4250408411026
1.278432846069336
0.9579100608825684
0.5152140855789185
0.3361450731754303
1.5682469606399536
1.1156033277511597
1.5679794549942017
1.7559354305267334
2.0632002353668213
0.9681738018989563
0.5667688250541687
0.61373370885849
0.5324487090110779
0.752773642539978
0.00486157089471817
0.25738099217414856
0.0664885863661766
-0.09272164106369019
0.36503151059150696
0.0875273048877716
0.918362557888031
0.9102610349655151
1.044398307800293
1.0727087259292603
1.5168826580047607
1.6428970098495483
1.0545835494995117
1.2849785089492798
1.03696608543396
1.294589638710022
2.1451256275177
1.7462246417999268
1.1188135147094727
1.1567822694778442
1.2164063453674316
1.273673415184021
1.3450970649719238
1.4189879894256592
1.481072187423706
0.3849468231201172
1.0737923383712769
1.5798734426498413
1.50492262840271
1.125062346458435
1.0047948360443115
1.1464791297912598
1.499237060546875
0.812690019607544
1.046818733215332
0.9473404884338379
1.1118677854537964
1.0078405141830444
2.067591667175293
2.082540273666382
1.6583547592163086
2.0331501960754395
1.604657769203186
1.937785029411316
2.0913989543914795
2.0303943157196045
1.4833177328109741
1.3511666059494019
1.156733751296997
1.7156182527542114
1.4210987091064453
1.9763706922531128
0.36807599663734436
1.6181862354278564
0.5391281843185425
0.41413962841033936
0.11448051035404205
0.08566230535507202
0.5049447417259216
1.569139003753662
0.4835149645805359
0.2792852222919464
0.8746392726898193
0.5950343608856201
0.913145899772644
0.7764313220977783
0.9563107490539551
0.8933873176574707
2.1274948120117188
1.8068007230758667
1.0775755643844604
1.1712560653686523
1.4564251899719238
1.422025203704834
1.3681131601333618
1.3627738952636719
1.169220209121704
1.2301113605499268
1.269181728363037
1.3436567783355713
1.1273319721221924
1.3200585842132568
1.2477118968963623
1.2242302894592285
1.8006089925765991
1.7263177633285522
2.0337908267974854
1.6110024452209473
1.0489680767059326
0.9070101976394653
0.5729965567588806
1.3070354461669922
1.0645736455917358
0.9697909355163574
1.1339410543441772
0.8242300748825073
0.7866033911705017
1.0078155994415283
1.0689642429351807
0.9530087113380432
1.0788865089416504
0.8492069244384766
0.9172887802124023
0.8981645703315735
1.0047845840454102
1.0484906435012817
1.017481803894043
0.8477239012718201
0.7220004796981812
1.0412321090698242
1.0018739700317383
0.961835503578186
0.8890836834907532
1.028900146484375
1.0688886642456055
0.2397288680076599
0.2718732953071594
1.7546665668487549
1.7553155422210693
2.1305830478668213
2.1116292476654053
2.059349536895752
2.1341392993927
0.9886454343795776
0.20856928825378418
1.77260422706604
1.4062528610229492
0.9863187074661255
0.6485389471054077
2.1037757396698
1.7308205366134644
1.9115899801254272
1.6053588390350342
1.4037604331970215
0.5504910945892334
0.13080796599388123
0.9857710599899292
0.8894656896591187
-0.007318444550037384
0.18057283759117126
1.336116909980774
0.5485172867774963
0.6533271670341492
1.7569588422775269
2.0629513263702393
2.158365249633789
1.9085696935653687
1.575765609741211
1.789178490638733
1.4972351789474487
1.6577242612838745
1.5793553590774536
1.512714147567749
1.861851453781128
1.6877492666244507
1.2533537149429321
1.7455811500549316
1.8496149778366089
1.830391764640808
1.9852010011672974
1.9741733074188232
1.9409242868423462
1.8565466403961182
1.211656928062439
1.5373859405517578
1.2722934484481812
1.1748162508010864
1.18764066696167
1.6095041036605835
0.7636308670043945
1.5661101341247559
1.6586558818817139
1.3234556913375854
1.7739930152893066
1.9615280628204346
0.965543270111084
1.0051182508468628
2.212280035018921
1.4648609161376953
1.7783524990081787
2.0874476432800293
2.1136960983276367
1.1856921911239624
1.0451476573944092
1.201735496520996
0.9866929054260254
1.2191393375396729
1.1992663145065308
0.9054635763168335
1.5450626611709595
1.4768706560134888
1.442138910293579
1.327991247177124
0.9722520112991333
1.3260879516601562
1.4373581409454346
1.2597726583480835
1.8022407293319702
2.069662094116211
1.6074223518371582
1.8312166929244995
1.6785120964050293
2.0215182304382324
0.7856511473655701
0.6601494550704956
0.9158912897109985
0.7040235996246338
2.1314053535461426
2.1184160709381104
1.9826340675354004
1.3605470657348633
1.9120932817459106
1.8427687883377075
1.6842695474624634
1.195956826210022
0.7630506753921509
2.13093638420105
1.724867582321167
1.3057200908660889
0.4754430949687958
0.0574159175157547
0.39477723836898804
1.1096714735031128
0.543619692325592
1.4977091550827026
2.1032326221466064
1.8975237607955933
1.8470404148101807
1.9967879056930542
1.8533862829208374
1.9184850454330444
0.8579439520835876
1.2934383153915405
0.08722522854804993
0.08617440611124039
0.9253323674201965
0.8652774095535278
1.3483928442001343
1.980839490890503
2.11539626121521
2.036839008331299
2.052872657775879
1.118330955505371
1.331600546836853
1.36305570602417
2.129617214202881
1.1878414154052734
1.7274425029754639
2.067600965499878
1.2410712242126465
1.8484675884246826
1.9964324235916138
1.5507618188858032
1.1976650953292847
1.2946674823760986
1.9956824779510498
2.033115863800049
1.314003825187683
0.6488549709320068
1.2521528005599976
1.909350037574768
1.4922360181808472
2.0596704483032227
1.988739013671875
0.21476054191589355
0.580777645111084
0.28498464822769165
0.3871577978134155
0.31911009550094604
0.6384921073913574
1.9521589279174805
1.9183214902877808
0.9052481055259705
1.4983259439468384
1.1423099040985107
2.186553955078125
2.141741991043091
1.9444395303726196
2.1324775218963623
1.1337165832519531
1.1699342727661133
0.4118328094482422
-0.013014774769544601
1.166811466217041
0.6064614057540894
1.6910390853881836
0.42782723903656006
0.7648885250091553
0.37500274181365967
1.0075492858886719
1.6780890226364136
1.059543251991272
0.6644125580787659
0.3824552893638611
0.05510534346103668
0.6484643220901489
-0.20787371695041656
-0.06810732930898666
0.08286544680595398
1.1636433601379395
1.010587453842163
1.1597870588302612
1.452897548675537
2.038567304611206
1.526793122291565
1.8661386966705322
0.9607442021369934
0.9897696375846863
0.8453419208526611
0.8017372488975525
0.7562153339385986
1.019850730895996
1.2733807563781738
0.9981993436813354
1.011215090751648
1.8056315183639526
1.2838791608810425
1.5153900384902954
1.5308700799942017
1.9584753513336182
1.1766294240951538
1.0760304927825928
0.9110412001609802
1.0058376789093018
0.7712193727493286
0.9559192657470703
1.7808257341384888
1.0505410432815552
1.2023200988769531
1.1295629739761353
1.6924184560775757
1.2193617820739746
1.6933014392852783
1.183706521987915
1.2789534330368042
1.2364501953125
1.6772305965423584
1.2874387502670288
1.1025327444076538
1.0539336204528809
1.147026538848877
1.0475856065750122
1.7610042095184326
1.0504469871520996
1.216592788696289
0.9064330458641052
0.2083413153886795
1.258811354637146
1.6072256565093994
1.1972137689590454
1.1471738815307617
0.9966559410095215
1.6604892015457153
1.0522382259368896
1.3078947067260742
0.9079235792160034
0.9772610068321228
1.0012197494506836
1.028417706489563
0.7543011903762817
1.0889692306518555
1.7527074813842773
1.0982000827789307
1.0154939889907837
1.1327447891235352
1.0428004264831543
0.9944122433662415
1.2195055484771729
1.5853190422058105
1.1298797130584717
1.3637815713882446
1.3412361145019531
2.1513566970825195
1.0282491445541382
0.8785983324050903
1.6447380781173706
1.3625370264053345
1.260535717010498
1.2148023843765259
1.2562735080718994
0.8409015536308289
1.9280095100402832
1.1591216325759888
1.053449034690857
1.132250428199768
0.8086618185043335
0.6868659257888794
0.9444912075996399
2.208242416381836
1.9648054838180542
1.62261164188385
1.8427746295928955
1.2513504028320312
1.5824673175811768
1.190675973892212
1.8312689065933228
2.0414326190948486
1.4331016540527344
0.6235135793685913
1.1383631229400635
1.275321364402771
0.9322670698165894
0.9952986240386963
0.7222820520401001
0.41209864616394043
0.27461308240890503
0.28716355562210083
0.48307061195373535
1.4101027250289917
1.1405116319656372
1.0767614841461182
0.635360062122345
0.44169875979423523
0.9143357276916504
-0.011258065700531006
0.9396794438362122
1.7984023094177246
1.9216758012771606
1.794464111328125
1.4758538007736206
1.8412072658538818
0.9193718433380127
1.3457164764404297
1.3945671319961548
1.6553609371185303
1.6405575275421143
2.0716283321380615
1.7478488683700562
1.7310062646865845
1.5018564462661743
1.7109613418579102
1.7240126132965088
1.648289442062378
1.3314135074615479
1.572961449623108
1.9155738353729248
2.0706350803375244
1.7779755592346191
1.9443461894989014
1.9172552824020386
1.649268388748169
0.6202887892723083
0.2711479067802429
0.4566325545310974
0.33706793189048767
0.3727816343307495
0.2505281865596771
0.37675178050994873
2.136568546295166
2.092273235321045
1.8587617874145508
2.1000611782073975
1.859790563583374
2.1454660892486572
2.114426612854004
2.1149957180023193
2.099473237991333
1.045788049697876
1.0514345169067383
1.056586742401123
1.6283396482467651
2.0526881217956543
1.6326773166656494
1.5554908514022827
1.6181061267852783
0.8919762372970581
1.73036527633667
1.5567954778671265
1.7750009298324585
1.9002280235290527
1.7274385690689087
1.8106974363327026
1.272182583808899
1.2974671125411987
2.0406477451324463
1.0907407999038696
1.9441221952438354
2.258127450942993
2.2117364406585693
2.1415083408355713
1.2637288570404053
2.2272350788116455
2.132523775100708
1.5655128955841064
1.7703782320022583
1.3077938556671143
1.9020140171051025
2.083413600921631
1.616011142730713
1.1810649633407593
1.8600796461105347
1.3429003953933716
1.1753891706466675
1.6845295429229736
2.146696090698242
2.171527624130249
2.238034963607788
2.157221794128418
1.9822953939437866
1.0372438430786133
0.3641175627708435
1.0643913745880127
1.1837079524993896
0.04042927920818329
0.020156823098659515
0.8788196444511414
0.5337049961090088
0.3018661141395569
0.9642910957336426
1.439980149269104
1.2862226963043213
1.6270629167556763
1.662837266921997
2.0554306507110596
2.0385725498199463
1.9115777015686035
1.855621337890625
1.605770230293274
2.022181749343872
2.116870403289795
2.1631855964660645
2.0754663944244385
2.116431713104248
2.0621747970581055
2.0573346614837646
1.9990849494934082
2.0019924640655518
2.1395809650421143
2.135362386703491
2.1335248947143555
1.907179594039917
1.4049991369247437
0.5125424265861511
1.0860743522644043
0.3541693091392517
1.005392074584961
1.0102630853652954
1.3158485889434814
1.052170753479004
1.7217977046966553
1.0491793155670166
1.574172854423523
2.1692700386047363
0.1479281485080719
1.0604443550109863
1.673159122467041
0.977755069732666
1.0182708501815796
1.0069345235824585
1.1269221305847168
1.3389892578125
1.6298925876617432
2.1690831184387207
1.8701144456863403
1.978261947631836
2.0734097957611084
1.2439141273498535
1.5405133962631226
1.5615041255950928
1.0222281217575073
0.7876850962638855
2.048513650894165
1.950435996055603
0.9448549747467041
0.6446385383605957
1.0643680095672607
1.3378783464431763
0.9258664846420288
1.3505316972732544
1.3466126918792725
1.0208817720413208
1.0144939422607422
1.3929693698883057
2.1748273372650146
2.1504967212677
2.1486523151397705
1.0977963209152222
1.8810724020004272
1.9532533884048462
1.7868707180023193
1.1777204275131226
1.8628249168395996
1.0119655132293701
1.0270214080810547
1.7035882472991943
2.133887529373169
1.9624841213226318
2.1891722679138184
2.194533586502075
1.7821080684661865
0.9796302318572998
1.1633182764053345
1.1326768398284912
1.0475541353225708
1.4266021251678467
1.8382304906845093
1.257369041442871
1.8694336414337158
1.0958199501037598
1.257056713104248
0.5723110437393188
1.1701033115386963
0.9205177426338196
-0.019244220107793808
0.835973858833313
1.9932595491409302
2.147765636444092
1.367957353591919
0.6851869225502014
0.9764087200164795
0.8915318250656128
0.5641239881515503
0.7615975141525269
0.714477002620697
2.0824379920959473
2.2105166912078857
2.148244619369507
1.7502827644348145
1.6001663208007812
1.015580415725708
2.169187068939209
2.150331497192383
2.1337099075317383
2.199979782104492
1.7559635639190674
0.9676763415336609
0.37736642360687256
0.21138525009155273
0.12049299478530884
0.535344123840332
0.02509220317006111
0.09731293469667435
-0.06475701183080673
0.6262938380241394
1.7323558330535889
1.6197818517684937
0.8930284380912781
1.3723052740097046
1.3220486640930176
1.4137945175170898
1.860102891921997
1.2168095111846924
1.9259989261627197
1.0147736072540283
1.049576759338379
2.0147156715393066
2.154787063598633
2.0907254219055176
2.191032648086548
1.9019818305969238
1.5818421840667725
1.5413076877593994
2.1350769996643066
1.59438157081604
1.6535325050354004
1.1458290815353394
0.06796550005674362
0.9990386962890625
1.28167724609375
1.0691496133804321
1.081410527229309
1.0803499221801758
1.1421377658843994
0.09802691638469696
0.7838281989097595
0.619583249092102
0.4898102879524231
0.755495011806488
1.03913414478302
1.0794118642807007
1.9489548206329346
1.9657316207885742
1.0894628763198853
2.1296567916870117
0.9887463450431824
0.8137388229370117
0.6318930983543396
1.0415066480636597
1.3788256645202637
1.899103045463562
2.098436117172241
1.6119450330734253
1.465458631515503
2.1247663497924805
1.5671991109848022
0.8301370739936829
0.9290245175361633
1.4323632717132568
1.2171213626861572
1.1810290813446045
0.9050001502037048
0.4499455988407135
0.2654483914375305
0.8614559173583984
1.0886197090148926
1.0160653591156006
1.0569124221801758
2.100853204727173
2.006601333618164
1.1438977718353271
2.1966819763183594
1.253805160522461
1.7500230073928833
1.3945293426513672
1.3606083393096924
1.8742396831512451
1.8986656665802002
1.9242866039276123
1.4566388130187988
1.1438387632369995
0.8082770705223083
1.232251763343811
1.5419561862945557
1.1681431531906128
1.1017358303070068
1.306779146194458
1.0790655612945557
0.864682137966156
0.47645270824432373
1.365065574645996
0.8605048656463623
0.5887995958328247
0.38917970657348633
1.205188274383545
0.9737391471862793
0.969436526298523
0.9828538298606873
2.2650444507598877
2.2749640941619873
2.189432144165039
2.1201870441436768
2.179922103881836
1.1955671310424805
2.226594924926758
1.7674720287322998
2.0750818252563477
1.651045322418213
1.661359190940857
1.9913287162780762
1.9875223636627197
1.286043643951416
1.6226146221160889
1.379878282546997
1.3184118270874023
0.9785632491111755
1.3102151155471802
1.2639129161834717
1.8657395839691162
1.59607994556427
2.0970616340637207
0.894952654838562
2.0035221576690674
1.4406826496124268
1.0681337118148804
0.16202473640441895
0.7543773651123047
2.2108449935913086
2.1330554485321045
1.4216912984848022
1.3025705814361572
1.106591820716858
2.096964120864868
2.1373703479766846
2.129418134689331
0.9678202867507935
1.9758679866790771
1.5281864404678345
1.1554685831069946
1.3202126026153564
1.3332337141036987
1.631234884262085
0.9778801798820496
1.814173698425293
0.90558922290802
1.1738818883895874
1.13746976852417
2.0836501121520996
1.0633296966552734
1.7138856649398804
0.7001563310623169
2.0447230339050293
1.8223259449005127
1.1393795013427734
0.09195183217525482
0.9390947818756104
0.8973004817962646
1.0202211141586304
2.025893449783325
2.250182628631592
2.2012863159179688
2.1467981338500977
2.231297731399536
2.1248512268066406
2.0487990379333496
2.0585663318634033
2.1322519779205322
1.3857403993606567
2.0122196674346924
1.7650232315063477
1.7574973106384277
1.8909950256347656
1.7591702938079834
1.053597331047058
0.2948901653289795
0.5385432243347168
2.037106990814209
1.8929955959320068
1.781911849975586
2.0912349224090576
2.120206356048584
0.31759539246559143
1.9706380367279053
0.8282349109649658
1.5311301946640015
0.9517892599105835
1.5390526056289673
0.9240248799324036
2.2352614402770996
2.005007743835449
2.1173956394195557
1.2458276748657227
1.2749848365783691
2.0887210369110107
1.8222529888153076
1.03139066696167
1.024834156036377
0.6204900145530701
2.1239728927612305
2.006800651550293
1.9467647075653076
2.0413200855255127
1.8838682174682617
1.1738427877426147
1.6121636629104614
2.1018855571746826
2.0449140071868896
2.110002279281616
2.110813617706299
2.0794291496276855
2.1507391929626465
1.6254559755325317
1.6056678295135498
0.4309890568256378
0.2724039554595947
0.939315915107727
0.7062647342681885
0.9004425406455994
2.2466721534729004
2.2469136714935303
1.756346344947815
2.087628126144409
1.9794104099273682
2.0197010040283203
2.200329303741455
2.1312687397003174
2.0249745845794678
1.8061468601226807
1.4697166681289673
1.2993887662887573
1.3351457118988037
1.101635456085205
1.0076062679290771
1.2392877340316772
1.3258720636367798
0.8201807737350464
1.0296332836151123
1.122719645500183
1.2363734245300293
0.4932711720466614
1.1862101554870605
1.2374931573867798
2.043332815170288
1.9412524700164795
1.7159302234649658
0.9611483812332153
0.9074615240097046
0.9668165445327759
0.8472906351089478
1.092158317565918
0.9638530015945435
1.0658363103866577
0.8634653687477112
1.1436553001403809
1.3331067562103271
1.989706039428711
0.32993313670158386
1.156300663948059
1.01936674118042
1.0449283123016357
1.6692626476287842
1.0155644416809082
1.576662302017212
1.4632694721221924
1.2775754928588867
0.9012559652328491
1.2237111330032349
1.1248761415481567
1.0767000913619995
1.0521578788757324
0.7642028331756592
0.42927321791648865
0.5655897259712219
0.34488600492477417
0.31188058853149414
0.9229981303215027
0.4881730079650879
2.0479161739349365
2.1856324672698975
1.9080934524536133
0.9435814023017883
0.808384120464325
0.9193577766418457
0.3220915198326111
1.7412045001983643
1.8301455974578857
1.5681931972503662
0.6835472583770752
1.916990876197815
1.7719178199768066
1.951709270477295
1.6028366088867188
1.819257140159607
1.749177098274231
1.53327214717865
2.1542532444000244
2.0637333393096924
0.34165292978286743
1.6614512205123901
0.3251844048500061
1.6752811670303345
1.437329888343811
1.912842035293579
0.8179334998130798
0.939497709274292
1.0911445617675781
1.047002911567688
2.174015998840332
1.159918189048767
1.726200819015503
1.5564088821411133
1.7307026386260986
2.1919937133789062
2.0976691246032715
1.3809633255004883
1.0589042901992798
1.0102232694625854
0.9495188593864441
1.8338754177093506
1.331629991531372
0.4015907645225525
1.2974995374679565
0.8735798597335815
0.6015431880950928
0.8108474016189575
0.9472827911376953
0.8449209928512573
0.6055305004119873
0.37651747465133667
0.5163899064064026
1.0163853168487549
0.9343559145927429
0.7414802312850952
0.6996349692344666
0.30082425475120544
0.8157180547714233
0.5008140206336975
1.0910394191741943
1.25766921043396
2.133702278137207
2.104311943054199
1.2848340272903442
1.9931538105010986
1.4245927333831787
1.7031546831130981
0.7709642052650452
0.3671424090862274
0.0628804862499237
-0.20883247256278992
-0.03144244849681854
-0.11571726202964783
0.8938008546829224
0.4143995940685272
0.5689471960067749
1.0935273170471191
1.128810167312622
0.6271569728851318
1.5808792114257812
0.010991781949996948
0.8687409162521362
1.3158738613128662
1.3093599081039429
0.28995218873023987
0.13777917623519897
0.7403070330619812
0.3990115821361542
0.4377072751522064
0.6057711839675903
0.22954979538917542
1.0153483152389526
2.066331148147583
1.4384791851043701
1.8483366966247559
1.6129121780395508
0.914688229560852
0.7578945159912109
0.9384133219718933
0.9128209352493286
0.858116626739502
0.1272929608821869
2.090801954269409
1.680902123451233
1.4575583934783936
1.4810606241226196
1.1626639366149902
0.675557017326355
0.4624352753162384
-0.09264852106571198
0.01888023316860199
0.1570076048374176
0.8835174441337585
0.791846513748169
0.5306022763252258
-0.034977395087480545
0.8404479026794434
2.000871419906616
0.42368876934051514
0.3199935853481293
0.32910001277923584
2.0142874717712402
1.3524091243743896
2.0639851093292236
2.053373098373413
2.172011375427246
2.0507211685180664
2.045361280441284
2.193586587905884
1.8840959072113037
1.2877992391586304
2.0174968242645264
1.5701913833618164
2.076662302017212
2.100661277770996
0.9645448923110962
1.8032399415969849
0.8936855792999268
0.84663987159729
0.5724834203720093
0.1441373974084854
0.875778317451477
1.0631353855133057
2.0104408264160156
2.1242425441741943
2.133225202560425
1.4072805643081665
2.154526710510254
1.6499464511871338
2.2198586463928223
2.1274611949920654
2.0218257904052734
1.9364138841629028
1.881538987159729
1.3018379211425781
2.06603741645813
1.8152666091918945
1.9700424671173096
1.2093684673309326
1.4308615922927856
1.9524505138397217
1.629469633102417
2.0855634212493896
2.1142935752868652
1.0599623918533325
1.5720716714859009
0.31757622957229614
0.23694151639938354
0.21325896680355072
0.34609565138816833
0.5411229729652405
0.07449369132518768
0.9225116968154907
0.9300869107246399
0.2826171815395355
1.9197858572006226
1.3288588523864746
0.9696032404899597
0.9944345951080322
2.22904372215271
1.9505500793457031
2.080310583114624
2.1849288940429688
2.089967966079712
1.9171252250671387
0.042925819754600525
0.23115259408950806
-0.13651832938194275
-0.18153874576091766
1.03849458694458
1.3357727527618408
0.9916490316390991
2.045426607131958
2.117837905883789
2.1505229473114014
2.191880464553833
2.141211986541748
2.136972427368164
1.9940667152404785
2.0338034629821777
1.7812228202819824
2.1513869762420654
1.9835423231124878
1.670717716217041
2.0852200984954834
1.6620784997940063
2.03010892868042
0.8114274144172668
0.8112942576408386
0.7215126752853394
0.34080079197883606
0.9802461266517639
2.123889684677124
1.8766661882400513
2.140584945678711
2.1079509258270264
2.113123655319214
1.0913909673690796
1.6772129535675049
1.9028160572052002
2.0202438831329346
2.0529632568359375
2.0343549251556396
1.7066984176635742
1.931504249572754
2.153672933578491
1.8568060398101807
1.6882935762405396
0.8669446706771851
1.3623557090759277
1.4573818445205688
2.015188455581665
2.1069366931915283
2.0033373832702637
1.0598900318145752
0.3980904221534729
0.25155651569366455
0.4714704155921936
0.5170242190361023
2.0989248752593994
1.353729248046875
1.9004061222076416
1.7450593709945679
1.7877590656280518
1.8160550594329834
1.1610081195831299
1.9389307498931885
1.6057173013687134
1.6280412673950195
1.0578949451446533
0.8176096081733704
1.262190818786621
1.4534631967544556
1.0331960916519165
0.9314422011375427
0.9678441882133484
1.001720905303955
0.97527015209198
0.9545820951461792
0.751282274723053
0.6820955276489258
0.9139857888221741
0.706802248954773
0.9767268300056458
1.0681356191635132
1.5464661121368408
1.067730188369751
0.8154760003089905
0.41250693798065186
0.24564282596111298
0.9925400018692017
1.0165529251098633
1.6441125869750977
1.0871996879577637
2.027029514312744
1.6504485607147217
1.322932481765747
1.1186884641647339
2.1385338306427
2.1273460388183594
2.067429780960083
2.015266180038452
2.1100587844848633
1.956662654876709
1.3102226257324219
1.808915138244629
1.6731712818145752
1.7851948738098145
1.901282548904419
2.1190710067749023
1.839249610900879
1.9814543724060059
1.8273311853408813
1.7731066942214966
1.4899358749389648
2.1579062938690186
1.579758644104004
1.0403653383255005
2.1819393634796143
1.9951531887054443
2.183152914047241
1.9098711013793945
2.1749050617218018
1.7937273979187012
1.7649468183517456
1.3335645198822021
0.9668189287185669
1.2343144416809082
1.1815683841705322
2.123502731323242
1.0624676942825317
2.158233165740967
1.7761790752410889
1.247246503829956
1.1075414419174194
1.7229703664779663
1.2586718797683716
1.2248375415802002
1.20540452003479
0.9959338307380676
1.031500220298767
1.2807698249816895
0.8752298355102539
0.7476049661636353
0.9131971597671509
1.002075433731079
0.94322669506073
0.7553912997245789
0.5577735304832458
0.5688397288322449
0.6223528981208801
0.903167724609375
1.0009677410125732
1.0453027486801147
0.9698160290718079
1.7926777601242065
2.2001311779022217
2.1830625534057617
2.120156764984131
1.6185939311981201
1.2217776775360107
1.7714457511901855
1.9040157794952393
1.1713545322418213
0.8980589509010315
1.8507288694381714
2.1703367233276367
1.970271110534668
0.9302672147750854
1.6302995681762695
1.927839994430542
0.9950501918792725
1.6904714107513428
1.2254853248596191
1.2889752388000488
0.908125638961792
0.7146360278129578
1.1786860227584839
1.8664071559906006
2.1263558864593506
0.7048701047897339
1.823044776916504
2.1530985832214355
2.01660418510437
1.3099021911621094
0.6073291301727295
1.0252227783203125
1.2802956104278564
1.0642337799072266
0.6385161876678467
1.021320104598999
1.827298641204834
0.3095024824142456
0.054852500557899475
0.83406662940979
0.5929893851280212
0.9928163886070251
2.1717498302459717
2.1291697025299072
2.160912275314331
2.2406539916992188
2.1069540977478027
1.206050992012024
1.9175426959991455
1.1063320636749268
2.1015474796295166
1.8762528896331787
1.1932063102722168
1.0298147201538086
1.120591163635254
1.0138485431671143
0.8491082191467285
0.9052937030792236
1.584707498550415
1.2234193086624146
1.0315675735473633
1.9507635831832886
1.0715711116790771
1.8522430658340454
2.075857639312744
2.1128745079040527
2.1174447536468506
2.04355788230896
1.2086777687072754
0.6077834367752075
0.3179459869861603
0.12188664078712463
0.7151346802711487
2.1055312156677246
1.113770842552185
2.1024768352508545
1.0072587728500366
1.0478613376617432
1.5514898300170898
1.1543238162994385
1.274739384651184
1.6074213981628418
1.5378323793411255
0.9093331098556519
1.7515814304351807
1.086815357208252
1.540158748626709
1.9937829971313477
1.4644780158996582
2.0301880836486816
2.009277820587158
0.9218726754188538
1.9028047323226929
1.0978689193725586
1.5578639507293701
0.8044553399085999
0.8843554258346558
0.9670577645301819
1.0935447216033936
