0.7320412397384644
1.0213451385498047
2.461575508117676
1.1111104488372803
1.2792948484420776
1.2474063634872437
1.9157664775848389
1.9814351797103882
1.2315678596496582
1.1055701971054077
1.0211368799209595
1.2508420944213867
1.2945921421051025
1.1995476484298706
1.7634289264678955
2.023782730102539
1.9217555522918701
1.887062668800354
1.6205811500549316
1.3859254121780396
1.4543108940124512
1.3043951988220215
0.9481699466705322
0.944664716720581
0.9187626838684082
0.971948504447937
1.1985803842544556
1.298850655555725
0.7334720492362976
1.1114819049835205
0.8590805530548096
0.7722074389457703
0.746507465839386
0.936316967010498
0.8913972973823547
2.8633241653442383
2.7618227005004883
2.0847153663635254
2.058467388153076
2.778541088104248
2.7670178413391113
2.4062867164611816
1.858416199684143
1.4084783792495728
1.8627629280090332
2.048241138458252
1.878534197807312
1.3374963998794556
1.5387576818466187
1.345741868019104
1.4627485275268555
1.5959982872009277
1.244657278060913
1.0753928422927856
1.0498793125152588
1.061931848526001
1.0140130519866943
1.089978575706482
1.1513744592666626
0.9077069759368896
0.8455284833908081
0.8035956025123596
0.8709875345230103
2.0712122917175293
2.8688831329345703
2.8994321823120117
1.920040249824524
2.9894237518310547
1.5479488372802734
1.7272740602493286
1.805018663406372
1.8766506910324097
2.4564528465270996
2.2579798698425293
3.007009506225586
2.8381519317626953
2.849055290222168
3.063448429107666
2.7345118522644043
1.047562599182129
1.1124718189239502
1.3224027156829834
0.9816335439682007
0.9461659789085388
1.3684598207473755
1.1229013204574585
1.5081138610839844
1.2855345010757446
1.3020678758621216
1.3085912466049194
0.7234562635421753
0.6440843343734741
0.6597193479537964
0.8891828060150146
1.6899917125701904
1.739802598953247
0.9800876379013062
1.6973893642425537
1.2506659030914307
1.7006951570510864
3.023151397705078
2.6371474266052246
0.8937005996704102
1.4764719009399414
1.5536104440689087
1.4622780084609985
1.664944052696228
1.8666366338729858
1.6758209466934204
2.481761932373047
1.8852261304855347
1.800264835357666
1.7844973802566528
1.314990520477295
1.387513279914856
1.5417494773864746
2.5776686668395996
1.783189296722412
0.7180511951446533
0.8596920967102051
0.8475762605667114
0.9347615242004395
3.567753791809082
3.460054874420166
2.304248332977295
1.8399358987808228
2.0449438095092773
2.4521336555480957
2.673786163330078
2.751636505126953
1.6647166013717651
1.7556110620498657
1.573103904724121
1.897270917892456
2.1222472190856934
2.8664145469665527
2.2962136268615723
2.019451141357422
2.4053707122802734
2.508194923400879
2.266495704650879
2.570556163787842
2.5430479049682617
2.3001346588134766
1.962614893913269
2.42586088180542
1.8530654907226562
1.772055745124817
1.7268438339233398
1.794808030128479
0.7754675149917603
0.6856594085693359
2.578059196472168
2.1251487731933594
1.558942198753357
1.8644695281982422
1.5226341485977173
1.6800538301467896
1.8069069385528564
1.27480947971344
1.5807173252105713
1.5006910562515259
1.5227771997451782
1.7909597158432007
1.7166918516159058
2.1114883422851562
1.8156718015670776
1.221134901046753
2.4242167472839355
2.168109893798828
2.588822364807129
2.210277557373047
1.9008592367172241
1.5972410440444946
1.3650099039077759
2.3246684074401855
1.3483989238739014
1.655763864517212
1.9096143245697021
1.5008047819137573
0.6353273391723633
0.618931770324707
0.7156146168708801
0.5971947312355042
1.034831166267395
0.8928917646408081
1.0261352062225342
0.7239503860473633
0.6419066190719604
0.7794018983840942
0.6740357875823975
0.6650815010070801
0.5986717939376831
0.6619702577590942
0.699970006942749
0.6990889310836792
0.7749117016792297
0.6741310358047485
0.6918817758560181
0.9498502016067505
0.9726930260658264
2.148045539855957
2.1644349098205566
3.140984535217285
2.3003077507019043
2.6875758171081543
2.9110822677612305
1.90070378780365
2.4843554496765137
1.9083532094955444
2.097001075744629
1.9209553003311157
1.9757695198059082
2.3162970542907715
2.493231773376465
2.066920757293701
2.2929234504699707
2.2864432334899902
1.3252969980239868
1.2072142362594604
1.5568678379058838
1.8855608701705933
1.8057267665863037
1.8829829692840576
2.047612190246582
1.7334262132644653
2.729839324951172
2.849015712738037
2.3166446685791016
3.0956106185913086
2.55989408493042
2.3901991844177246
2.054786205291748
1.8828024864196777
1.9713529348373413
1.6971598863601685
2.7630419731140137
2.391071319580078
1.7603079080581665
1.6128915548324585
2.154369831085205
1.8863240480422974
2.1554923057556152
1.5638022422790527
2.271388053894043
1.9939104318618774
2.256789207458496
1.4558944702148438
2.0781102180480957
1.5841127634048462
1.847371220588684
1.399027943611145
2.0656771659851074
1.847237229347229
2.2803449630737305
1.741153359413147
2.349801540374756
2.1565961837768555
2.5134339332580566
0.9034488201141357
0.9407082200050354
3.6494827270507812
3.37075138092041
3.392695426940918
3.4341421127319336
3.357193946838379
1.788486361503601
2.1717095375061035
1.9204033613204956
1.0940353870391846
2.0740671157836914
2.1501822471618652
2.071974277496338
2.7866950035095215
2.1316628456115723
2.276062488555908
1.7332569360733032
0.9653117060661316
2.405308723449707
1.9540574550628662
2.2801594734191895
2.7942094802856445
2.957803726196289
2.832707405090332
2.363764762878418
2.7767014503479004
2.9138846397399902
2.1907882690429688
2.686206817626953
1.0098053216934204
1.0053924322128296
3.5323123931884766
3.6085543632507324
3.522325038909912
3.3009181022644043
3.133340358734131
2.6371097564697266
2.8368358612060547
2.9260730743408203
2.1749725341796875
2.925628185272217
2.516444206237793
2.4831972122192383
2.416841506958008
2.271968364715576
2.1637449264526367
2.3795642852783203
1.3535438776016235
2.685950756072998
2.905717372894287
2.2196383476257324
2.1545615196228027
2.443847179412842
2.1706533432006836
2.2600765228271484
2.518319606781006
2.623183250427246
1.0002318620681763
1.0239335298538208
0.7923771142959595
0.7679327130317688
2.0067877769470215
2.556150436401367
2.5642151832580566
2.802323341369629
2.1301865577697754
2.085455894470215
1.8657515048980713
2.3308916091918945
3.1014676094055176
2.8643312454223633
2.6476807594299316
3.0290966033935547
2.766674041748047
2.8383994102478027
3.1766185760498047
2.340893268585205
2.5433144569396973
2.2073121070861816
2.0716328620910645
1.9907598495483398
1.578711986541748
2.0256943702697754
2.7699203491210938
2.367586612701416
2.00822114944458
2.002094268798828
2.901700496673584
1.0300246477127075
0.8119802474975586
0.7821021676063538
0.8398668169975281
0.9782388806343079
2.0590896606445312
2.8969993591308594
2.4506869316101074
2.2388081550598145
2.1317758560180664
1.2893251180648804
2.875981330871582
2.8196754455566406
2.8601531982421875
3.1241960525512695
1.904994010925293
2.163167953491211
2.062831401824951
2.2079925537109375
2.155933380126953
2.479940414428711
2.8677940368652344
1.8278459310531616
2.404414653778076
2.201788902282715
1.3350205421447754
2.955044746398926
2.9747371673583984
2.1592044830322266
2.266310691833496
2.6716785430908203
0.7775048017501831
1.0214952230453491
1.1723710298538208
1.1119142770767212
1.2242368459701538
1.4034031629562378
1.231550693511963
1.673742413520813
2.1359167098999023
1.8908942937850952
2.1243696212768555
1.6138122081756592
0.9570966958999634
1.4897719621658325
1.6206098794937134
1.6652657985687256
2.0014662742614746
2.0323100090026855
0.9272868037223816
1.8168046474456787
1.8874013423919678
1.652703046798706
2.3789477348327637
2.405505657196045
2.528080940246582
2.1921024322509766
2.129302978515625
2.199559211730957
1.8715876340866089
2.129304885864258
0.8957369923591614
1.7328675985336304
1.326673984527588
1.8602339029312134
1.324150800704956
2.132929801940918
1.385083556175232
1.5382311344146729
1.185749888420105
1.6139484643936157
1.3130866289138794
1.6969646215438843
1.6269571781158447
0.9812240600585938
0.9079451560974121
1.2235760688781738
1.0242327451705933
1.1934585571289062
1.3192882537841797
1.4386485815048218
1.0931309461593628
1.7973037958145142
1.6871637105941772
1.4085615873336792
1.59591543674469
1.7940160036087036
1.25821852684021
2.1433467864990234
1.7328044176101685
1.182830810546875
0.7352173924446106
0.6587514281272888
0.8852611780166626
0.7321423292160034
1.8785816431045532
1.264771819114685
1.9044045209884644
1.4947115182876587
0.841386616230011
1.300120234489441
1.8352628946304321
1.4170278310775757
1.6731711626052856
2.0344882011413574
2.2953505516052246
2.1924290657043457
1.7262247800827026
2.8964462280273438
2.3831076622009277
1.877522349357605
2.1588001251220703
1.879040002822876
1.821916937828064
1.7815332412719727
1.490757703781128
1.0284861326217651
1.6112910509109497
1.7127821445465088
1.7024056911468506
1.0472033023834229
0.9273685216903687
0.8025012016296387
0.7622926235198975
3.3967318534851074
2.816540241241455
2.3696064949035645
2.9727234840393066
2.4869871139526367
2.375941753387451
2.7281885147094727
2.854410171508789
2.878525733947754
2.282331943511963
2.1012110710144043
2.1554670333862305
2.611567974090576
1.5028836727142334
2.470625877380371
1.9971643686294556
2.064525604248047
2.024637222290039
2.6577258110046387
2.2839980125427246
2.751955032348633
2.1038284301757812
2.1321640014648438
1.5384408235549927
1.967824101448059
1.817816972732544
1.0567231178283691
0.893539309501648
2.783763885498047
3.0898146629333496
1.960389256477356
1.9108880758285522
2.747551441192627
2.9153995513916016
2.829580783843994
1.6800546646118164
2.0567545890808105
2.218231678009033
2.5754294395446777
2.611795425415039
2.340816020965576
1.9686802625656128
2.0975489616394043
2.514141082763672
2.1757826805114746
2.1837897300720215
2.261728286743164
2.028874397277832
1.8848438262939453
2.17289400100708
2.4372267723083496
2.3328561782836914
2.411698818206787
1.183803915977478
1.017176866531372
0.8366434574127197
1.6096047163009644
0.8200611472129822
0.912264883518219
0.9409695267677307
3.2667574882507324
3.1435465812683105
2.3260459899902344
2.526978015899658
2.37001895904541
3.209658145904541
3.11264705657959
2.2296371459960938
2.6106019020080566
1.265865683555603
1.5015522241592407
1.5008639097213745
1.852596640586853
2.1095986366271973
2.1863951683044434
2.4126200675964355
2.515413761138916
2.1320652961730957
1.9887160062789917
1.9497544765472412
2.4548635482788086
2.8336329460144043
2.2368640899658203
3.082073211669922
3.3245630264282227
2.427410125732422
2.953457832336426
0.8834260702133179
2.206181049346924
3.335211753845215
3.3220043182373047
3.2400379180908203
1.4946011304855347
2.7244625091552734
3.1445798873901367
2.323017120361328
3.2923851013183594
2.5413055419921875
2.37453031539917
2.97528076171875
1.8427304029464722
1.9927359819412231
1.9822887182235718
1.8548903465270996
1.355769395828247
1.9259599447250366
3.062211513519287
2.8948159217834473
2.879854679107666
2.739591121673584
1.8295202255249023
2.0480422973632812
2.0117835998535156
2.1266493797302246
1.9685008525848389
1.716135859489441
1.978390097618103
0.7000628113746643
0.7372698783874512
0.7244645953178406
0.8452787399291992
1.0752946138381958
1.7013174295425415
1.5842242240905762
1.559287667274475
1.930167317390442
2.3238186836242676
2.198820114135742
2.170179843902588
2.404287338256836
2.8391151428222656
3.0419578552246094
2.9644546508789062
2.9272642135620117
2.465743064880371
2.0049304962158203
2.032407760620117
2.0450453758239746
1.8946545124053955
1.9820812940597534
2.4100985527038574
2.080239772796631
1.8082984685897827
1.538731575012207
1.349414587020874
1.6131958961486816
2.75294828414917
0.8207871317863464
0.7397831082344055
1.7763828039169312
0.9482564330101013
1.795011043548584
0.955443263053894
2.1514692306518555
2.951659679412842
1.0849409103393555
0.9658627510070801
1.7571357488632202
0.9573467969894409
1.3235247135162354
0.796559751033783
0.757555365562439
0.7115702629089355
1.8333286046981812
2.4052810668945312
1.895220398902893
1.6299645900726318
2.2032957077026367
1.916453242301941
2.034933090209961
2.086550712585449
1.5583170652389526
1.616357684135437
2.3907952308654785
1.8102062940597534
1.6562389135360718
1.6322120428085327
0.9510494470596313
1.659474492073059
0.9645298719406128
1.6817865371704102
1.6669902801513672
0.9018616080284119
0.8652408719062805
1.7775546312332153
2.7876334190368652
3.1697630882263184
3.348484992980957
0.9705082178115845
2.628325939178467
1.9613949060440063
2.1640419960021973
1.4075146913528442
2.8152341842651367
0.8271589279174805
0.8227393627166748
1.6284312009811401
2.85690975189209
1.698061466217041
3.028050422668457
2.8544745445251465
2.101809024810791
1.8125243186950684
1.4920660257339478
1.0120025873184204
1.3349459171295166
1.398938536643982
1.5916495323181152
0.9366277456283569
1.7470065355300903
1.351302981376648
2.030264377593994
1.715455412864685
2.0588321685791016
1.6707066297531128
1.8924559354782104
1.0110350847244263
2.7309255599975586
2.8243188858032227
1.2246249914169312
1.8866554498672485
0.8585329055786133
0.9621507525444031
0.9865038394927979
0.8769159913063049
0.8905692100524902
2.0701217651367188
3.205392360687256
2.903913974761963
2.3570284843444824
1.7575984001159668
1.3499088287353516
2.9803457260131836
3.3231005668640137
3.1245651245117188
2.858077049255371
2.2164368629455566
1.899959921836853
0.9324222803115845
1.269903540611267
1.0152310132980347
0.8940023183822632
1.2433512210845947
1.0707108974456787
1.1894668340682983
1.6459362506866455
1.6604565382003784
1.5323243141174316
1.5444612503051758
1.6605714559555054
1.7347091436386108
1.6217118501663208
2.0981874465942383
1.351349115371704
2.946448802947998
1.0518126487731934
0.9171361327171326
3.424863815307617
3.35018253326416
2.6221609115600586
2.838313102722168
2.3499398231506348
1.8286701440811157
3.1618452072143555
3.040468215942383
3.1523523330688477
2.297999382019043
2.1133437156677246
2.2078676223754883
1.496421456336975
1.8390752077102661
1.1063816547393799
1.4736331701278687
1.4983861446380615
1.6739312410354614
1.6747633218765259
0.7287980318069458
0.682444155216217
0.7853963971138
0.812430202960968
0.9844874739646912
1.2357734441757202
2.397611141204834
2.7877249717712402
0.9715477228164673
2.702033519744873
1.6163971424102783
2.362086772918701
0.975489616394043
1.1558953523635864
1.721746563911438
2.291926860809326
2.7846946716308594
1.9798915386199951
1.5569897890090942
2.6270809173583984
1.6898372173309326
2.0838942527770996
1.6095380783081055
1.4516080617904663
1.426632046699524
1.1292002201080322
0.9762659072875977
0.9490668773651123
0.8226062655448914
0.5820095539093018
1.142130732536316
0.7897516489028931
0.80152428150177
2.3494629859924316
2.4349918365478516
1.064457893371582
2.9202427864074707
1.5973495244979858
1.816084384918213
1.4493604898452759
1.919692873954773
2.611600875854492
2.3544974327087402
2.2069616317749023
1.6020536422729492
1.1091867685317993
1.3160313367843628
1.2222920656204224
1.3536957502365112
0.9996713995933533
1.0426173210144043
1.1897786855697632
0.954530656337738
1.509741187095642
1.3435566425323486
1.4948903322219849
1.6219769716262817
1.5684040784835815
1.5555752515792847
1.6891244649887085
0.7677651643753052
0.6784312725067139
0.6712241172790527
3.2298083305358887
3.746518135070801
2.4005980491638184
3.273825168609619
2.2712435722351074
1.8732951879501343
3.182036876678467
1.9938746690750122
2.0196709632873535
2.0201196670532227
1.7592930793762207
1.6781765222549438
1.3570834398269653
1.432719349861145
1.5827550888061523
1.0912197828292847
1.0846351385116577
1.3620011806488037
1.2735363245010376
1.2683515548706055
1.469441294670105
1.4883533716201782
1.4246019124984741
1.241703748703003
1.6534281969070435
1.20723295211792
0.8829631805419922
0.8913451433181763
0.8858098983764648
3.572995662689209
3.5176639556884766
3.242018222808838
1.8875608444213867
1.8460036516189575
2.728520393371582
3.3169679641723633
3.21266508102417
3.1162643432617188
2.327054500579834
1.8136714696884155
1.2684450149536133
1.5642143487930298
1.6427804231643677
2.078896999359131
2.1658501625061035
2.593876361846924
1.4491785764694214
2.0366225242614746
1.2406998872756958
2.061108112335205
1.7935214042663574
2.2826790809631348
1.7678391933441162
1.8441503047943115
1.756113886833191
1.8795932531356812
1.8555185794830322
0.9568641185760498
0.8869599103927612
0.80484938621521
2.8011021614074707
3.7585959434509277
3.6804308891296387
3.1157073974609375
3.6520180702209473
3.246457099914551
3.5583720207214355
2.4583921432495117
3.235067367553711
2.5470924377441406
2.0479516983032227
2.0661492347717285
2.110629081726074
2.2004480361938477
2.1253809928894043
2.10597562789917
1.971093773841858
2.184232711791992
2.0767898559570312
2.0449538230895996
2.7003417015075684
3.062885284423828
3.283195972442627
2.836005687713623
3.0395846366882324
2.8844175338745117
2.985142707824707
0.6860117316246033
1.70473051071167
2.3377480506896973
2.8749160766601562
2.965949535369873
1.6487306356430054
0.9359493255615234
0.9937893152236938
1.951690673828125
1.5485987663269043
1.2257312536239624
1.118552803993225
1.2976820468902588
1.4344148635864258
1.4272574186325073
1.6284749507904053
2.062282085418701
1.5850595235824585
1.1818302869796753
1.6592453718185425
2.1163182258605957
1.933830738067627
2.0751514434814453
2.6280269622802734
2.9514245986938477
2.252995014190674
2.2697315216064453
2.22605562210083
2.5020227432250977
2.310354709625244
0.9050788283348083
0.8633700609207153
0.8350161910057068
3.317451000213623
3.5435895919799805
2.2959413528442383
3.330991268157959
3.106661319732666
3.0630364418029785
2.665581226348877
3.06695556640625
2.284832000732422
2.52382230758667
2.349180221557617
2.7180957794189453
2.644227981567383
1.9720425605773926
1.9640520811080933
2.782357692718506
2.164961338043213
1.8608053922653198
1.9780181646347046
2.7475290298461914
2.459022045135498
3.154707431793213
2.7929134368896484
2.691725254058838
3.0449323654174805
2.9925880432128906
2.7677526473999023
0.7126517295837402
1.887646198272705
1.8114069700241089
2.8127341270446777
2.1472110748291016
2.394662380218506
1.8847928047180176
2.063258647918701
1.8404563665390015
2.237863063812256
2.803821086883545
2.3587827682495117
2.322774887084961
1.59048593044281
1.8187965154647827
2.5185956954956055
1.0808849334716797
1.925371766090393
1.6558018922805786
2.058506965637207
1.8901554346084595
1.9501210451126099
1.507027506828308
1.9191256761550903
1.9040473699569702
2.1265134811401367
2.1208901405334473
2.0491838455200195
1.8910115957260132
2.0358128547668457
0.8458743095397949
0.7129658460617065
3.146066665649414
2.9137372970581055
2.980846881866455
1.057145118713379
1.9601610898971558
0.8565762639045715
1.5483464002609253
1.527431607246399
2.1837339401245117
1.7701433897018433
1.9436782598495483
1.2030194997787476
1.6196483373641968
1.4775360822677612
1.6418719291687012
1.3717414140701294
1.6508885622024536
0.853325605392456
1.5295015573501587
1.3755924701690674
2.0650296211242676
1.7226533889770508
2.0110836029052734
1.5714908838272095
1.9088517427444458
1.639063835144043
1.6801103353500366
0.9458047151565552
0.9581727981567383
1.5437731742858887
3.263418674468994
2.019054412841797
2.5192642211914062
2.2885122299194336
2.2704334259033203
2.5954341888427734
2.4563326835632324
2.1736483573913574
1.8161274194717407
1.9373562335968018
1.88044273853302
2.523501396179199
2.103562831878662
2.1302127838134766
2.033888816833496
1.7310090065002441
1.6973676681518555
1.340523600578308
1.464215636253357
1.56401526927948
1.9101150035858154
1.9105839729309082
1.5119383335113525
1.486575722694397
1.2505100965499878
1.3636647462844849
1.206622838973999
1.2042365074157715
0.8923326730728149
0.8234463334083557
1.0534350872039795
2.111762523651123
3.052354335784912
3.0827369689941406
1.0928667783737183
2.2470598220825195
1.8937489986419678
2.2072300910949707
1.2132242918014526
2.0045456886291504
1.9328662157058716
2.126131057739258
1.7776025533676147
1.8040000200271606
1.7551186084747314
1.3139054775238037
0.9453637599945068
1.6372261047363281
1.7339792251586914
1.89650559425354
2.284999370574951
2.3728795051574707
2.0673646926879883
1.8449145555496216
1.9903515577316284
1.0393134355545044
1.0592737197875977
0.6818705797195435
0.7227419018745422
0.7405309081077576
0.7064141631126404
0.8491020798683167
0.9483637809753418
2.5745391845703125
2.153776168823242
2.107823371887207
2.083010196685791
0.9417273998260498
1.7326773405075073
2.041821002960205
1.3390142917633057
1.9809104204177856
1.8432754278182983
2.7646498680114746
2.2989583015441895
2.133406639099121
1.9315015077590942
1.078264832496643
1.1243895292282104
0.9643492698669434
1.2229089736938477
1.043494462966919
0.8396267294883728
0.7332981824874878
0.5417658090591431
0.9367896914482117
1.1653132438659668
0.7529105544090271
1.9346047639846802
0.8018568754196167
0.8606257438659668
1.0357574224472046
2.0170817375183105
1.8621925115585327
2.420620918273926
2.3124470710754395
3.0726184844970703
2.446599006652832
2.1929988861083984
3.1442861557006836
2.6347265243530273
1.5909310579299927
2.8726630210876465
3.190164089202881
3.1169872283935547
3.174952507019043
3.167316436767578
2.8560619354248047
2.127315044403076
1.2923634052276611
2.4833974838256836
2.1859240531921387
2.202913761138916
1.3661577701568604
3.1136627197265625
3.0262742042541504
3.194831371307373
2.260152816772461
3.2703189849853516
2.8440260887145996
3.238541603088379
3.352710247039795
3.4872570037841797
2.4777722358703613
2.5186257362365723
2.1588077545166016
2.2498550415039062
2.355595111846924
2.4661545753479004
2.214141845703125
2.266441822052002
2.3990535736083984
2.4324231147766113
2.9718594551086426
3.270068645477295
2.0244908332824707
2.5635976791381836
3.041689395904541
2.8904385566711426
2.432922840118408
2.501617908477783
2.4866151809692383
2.4019317626953125
2.446364402770996
2.4874954223632812
2.7711477279663086
3.416752815246582
3.0994300842285156
0.8517930507659912
0.7742533683776855
2.9710779190063477
2.6885552406311035
3.0275745391845703
3.1399946212768555
3.1807470321655273
3.1788558959960938
2.7461113929748535
1.9563770294189453
2.1372146606445312
2.243378162384033
2.9752607345581055
2.5486721992492676
2.0612282752990723
2.3788275718688965
2.00925350189209
3.175905704498291
2.9283127784729004
2.9070024490356445
2.8623580932617188
1.9249967336654663
2.7026896476745605
2.61429500579834
2.9863386154174805
2.4820566177368164
2.0140037536621094
2.0476574897766113
1.9587401151657104
2.042633056640625
0.8500370979309082
0.8227758407592773
0.8427385687828064
0.9078452587127686
2.325863838195801
3.27140474319458
2.9740562438964844
3.1962890625
3.157008171081543
3.183561325073242
1.7155190706253052
2.109363079071045
2.246152400970459
2.7691855430603027
3.1857290267944336
3.109070301055908
2.5211548805236816
3.2952651977539062
3.339110851287842
2.2370877265930176
2.712299346923828
2.207031726837158
2.1346473693847656
2.5835351943969727
3.227354049682617
3.428480625152588
3.3853511810302734
3.3986473083496094
2.9281201362609863
2.4280385971069336
0.9205222725868225
0.8392676115036011
2.8257389068603516
2.0237393379211426
2.210188865661621
2.297651767730713
2.2694191932678223
1.9177895784378052
2.2911534309387207
2.356593132019043
1.8110195398330688
1.9128351211547852
1.8608665466308594
2.067066192626953
1.632975697517395
1.6592012643814087
1.3143011331558228
1.7534198760986328
1.4501540660858154
1.025418996810913
1.4886411428451538
1.5212911367416382
1.481262445449829
0.9476903676986694
1.5322686433792114
1.642523169517517
1.3171926736831665
0.8990277647972107
1.170433521270752
0.715994119644165
0.6134920716285706
0.5719978213310242
0.6011468172073364
0.8201621770858765
0.8902252316474915
1.1819572448730469
1.2815911769866943
1.987207293510437
1.4466326236724854
1.3844553232192993
1.3615528345108032
2.625311851501465
2.6825461387634277
2.578129291534424
2.3005733489990234
2.4504761695861816
2.2506284713745117
2.008692741394043
1.877747654914856
1.9761656522750854
2.1349892616271973
2.7063193321228027
2.627023220062256
1.8868945837020874
1.6991037130355835
1.6808720827102661
2.7969789505004883
1.8588398694992065
3.1461734771728516
1.9663856029510498
0.839806079864502
2.989996910095215
2.4539175033569336
2.538912296295166
2.3877930641174316
2.6789965629577637
0.938647985458374
1.1705498695373535
0.8961949348449707
0.8507043123245239
1.6467338800430298
1.6885544061660767
1.703324794769287
1.0051976442337036
2.792762279510498
1.7695945501327515
1.235148549079895
0.837845504283905
1.5754854679107666
1.493120789527893
1.4885574579238892
1.0225579738616943
0.8651100397109985
1.1813639402389526
1.167576551437378
1.0735141038894653
1.373752236366272
0.789719820022583
1.3413989543914795
1.5519752502441406
0.533473551273346
0.5927730798721313
0.5862216949462891
0.6703681945800781
0.521618127822876
0.5351507663726807
0.5059084296226501
0.5577697157859802
1.9225013256072998
2.5900464057922363
2.5210342407226562
2.1875858306884766
1.1939772367477417
1.3736515045166016
2.0860729217529297
2.1310882568359375
1.4314690828323364
0.8748761415481567
2.7327475547790527
3.237858295440674
2.8600802421569824
1.1738553047180176
3.0926427841186523
2.267618179321289
2.4615397453308105
2.0735034942626953
1.9638220071792603
2.402247905731201
1.9341726303100586
1.093602180480957
2.20699405670166
1.5174003839492798
2.0260677337646484
1.3360410928726196
1.6405766010284424
2.7317991256713867
2.386695384979248
1.7050551176071167
1.6992542743682861
1.606893539428711
2.190429210662842
1.484718918800354
1.782513976097107
1.5697475671768188
1.9020215272903442
1.2204707860946655
1.046842336654663
0.803683340549469
0.7061969637870789
0.6766403317451477
3.089348316192627
3.271906852722168
3.4834651947021484
3.561337471008301
2.436366558074951
2.1113429069519043
1.875085711479187
2.6044058799743652
2.589759349822998
2.5676822662353516
1.1170989274978638
0.9327030777931213
1.1900039911270142
1.465772032737732
1.1126179695129395
1.9464890956878662
2.376234531402588
1.7621005773544312
1.2646582126617432
2.390559673309326
1.5813024044036865
2.277308464050293
2.839815139770508
2.525656223297119
2.940952777862549
2.607025146484375
1.0827115774154663
0.8593187928199768
0.9016733169555664
0.944627046585083
0.8879522085189819
2.6811838150024414
2.6891865730285645
2.32057523727417
2.683419704437256
1.4321026802062988
1.9238978624343872
1.567543625831604
1.8169201612472534
2.473916530609131
2.6734061241149902
2.6120615005493164
2.5589041709899902
1.87096107006073
2.644637107849121
1.9232946634292603
2.382960796356201
2.4428768157958984
2.722257614135742
1.9397177696228027
2.32631254196167
1.740031361579895
2.030266761779785
0.9639202356338501
0.8348553776741028
0.8902182579040527
1.0384116172790527
