0.9610994458198547
1.0310046672821045
2.0725765228271484
0.9885861873626709
1.2787656784057617
1.5237689018249512
1.8584434986114502
1.9975600242614746
1.549117088317871
0.9570291042327881
0.3203047215938568
0.6011295914649963
1.2604649066925049
1.1392931938171387
1.7503135204315186
2.10752534866333
1.9852814674377441
1.960949182510376
1.9109737873077393
1.49544095993042
0.96817946434021
1.1054785251617432
0.33370208740234375
0.42157262563705444
0.4624439477920532
0.7213515043258667
1.6748936176300049
1.5859606266021729
1.057837963104248
1.3992640972137451
0.8681502938270569
0.7944387197494507
0.7951374053955078
0.8236520290374756
1.0468759536743164
2.116158962249756
1.9756217002868652
1.911651372909546
0.607230007648468
1.9504806995391846
1.608203649520874
1.8272628784179688
0.9386029243469238
1.6150262355804443
0.7700417637825012
1.9627907276153564
0.995412290096283
1.1890289783477783
1.5046720504760742
1.392610788345337
1.151494026184082
1.72324538230896
1.3925938606262207
1.5097665786743164
1.0351197719573975
1.03668212890625
1.133599042892456
1.6489310264587402
1.4469101428985596
1.178530216217041
0.4492000937461853
0.38281992077827454
0.2258429378271103
0.8837698698043823
1.880720615386963
1.8080697059631348
1.9359807968139648
2.0745811462402344
1.4408917427062988
1.4063618183135986
1.1648695468902588
0.918466329574585
0.2982020080089569
0.16335639357566833
1.3459434509277344
0.9209353923797607
1.587228536605835
1.4886400699615479
1.857297658920288
0.9584177732467651
0.4155339300632477
0.9974632859230042
0.680666983127594
0.8255470395088196
0.4191581904888153
0.5660709738731384
0.4932239353656769
-0.014241352677345276
0.5289485454559326
0.27443137764930725
0.8859262466430664
0.8858651518821716
0.9135169386863708
1.1791410446166992
1.691866397857666
1.6515777111053467
1.0370781421661377
1.4546184539794922
1.0823655128479004
1.417548418045044
1.9991350173950195
1.7573156356811523
1.2432880401611328
1.0811097621917725
1.0882062911987305
1.2268047332763672
1.4649713039398193
1.3468170166015625
1.5307800769805908
1.3339190483093262
1.0549829006195068
1.669677734375
1.68971586227417
1.3865153789520264
1.1586449146270752
1.4847924709320068
1.6432886123657227
1.208052396774292
1.0220074653625488
0.8248100876808167
1.0416367053985596
0.8747597336769104
2.189805030822754
2.141075849533081
1.5870816707611084
1.453394889831543
1.6438136100769043
1.8946936130523682
2.03956937789917
1.8535914421081543
1.6481895446777344
1.328394889831543
1.099059820175171
1.6506896018981934
1.5683834552764893
1.8068976402282715
0.5851520299911499
1.4111952781677246
0.5012137293815613
0.41510775685310364
0.182329460978508
0.33246085047721863
0.47307950258255005
1.5443005561828613
0.36336344480514526
0.06293323636054993
0.7900948524475098
0.5622578263282776
1.174164056777954
0.5297164916992188
1.0719764232635498
0.9228346943855286
1.9904165267944336
1.8758878707885742
0.9603148698806763
1.1038122177124023
1.6203386783599854
1.582435131072998
1.3404834270477295
1.381227970123291
1.2796638011932373
1.301659345626831
1.3794550895690918
1.486745834350586
1.1519885063171387
1.3546805381774902
1.4542899131774902
1.2886765003204346
1.7993683815002441
1.8392305374145508
1.9488298892974854
1.5793070793151855
1.1177737712860107
0.8511070609092712
0.42702800035476685
1.305713415145874
1.2275421619415283
1.0433590412139893
1.37646484375
0.8095490336418152
1.0118064880371094
1.0418789386749268
1.14591383934021
1.0654823780059814
1.018862247467041
0.788001298904419
0.6217283606529236
0.7097309827804565
0.8959795832633972
1.17083740234375
0.7639574408531189
0.6862387657165527
0.7213886976242065
0.8324379920959473
0.6484108567237854
1.0116140842437744
0.5958892107009888
0.7340795397758484
0.8643768429756165
0.3421286940574646
0.5054778456687927
1.8678510189056396
1.919583797454834
2.0629327297210693
2.047433853149414
2.026897430419922
2.0158092975616455
0.9589294195175171
0.46574926376342773
1.3053474426269531
1.4486479759216309
1.0268216133117676
0.8769671320915222
1.9209189414978027
1.6443235874176025
1.7410833835601807
1.4852757453918457
1.470536231994629
1.0699505805969238
0.7177926301956177
1.521188735961914
1.4386005401611328
0.06532125174999237
0.16860747337341309
1.0687649250030518
0.48485511541366577
0.5588428378105164
1.6048989295959473
1.9329967498779297
2.0864052772521973
1.6381542682647705
1.8081505298614502
1.8026199340820312
1.4445207118988037
1.5350329875946045
1.5921573638916016
1.64491605758667
1.8050487041473389
1.8810477256774902
1.3956506252288818
1.8254191875457764
1.8341505527496338
1.7903332710266113
1.8056988716125488
1.8378467559814453
1.7169907093048096
1.786280632019043
1.4983611106872559
1.416856288909912
1.433825969696045
1.1428337097167969
1.2711067199707031
1.729325294494629
0.6759402751922607
1.6647672653198242
1.5442864894866943
1.4686400890350342
1.6480398178100586
1.7668507099151611
1.046703815460205
0.8702213168144226
2.109579086303711
1.3433339595794678
1.1363818645477295
1.882155418395996
1.8724439144134521
1.0560541152954102
0.9566136598587036
0.9162541627883911
0.889361560344696
1.0364832878112793
1.0812313556671143
0.7012319564819336
1.463024616241455
1.3445181846618652
1.4294090270996094
1.1979246139526367
0.9625442624092102
1.4263191223144531
1.5616605281829834
1.304985761642456
1.7161705493927002
1.8253891468048096
1.7446262836456299
1.7823574542999268
1.5558156967163086
1.7924432754516602
0.8218295574188232
0.4516412019729614
1.2173190116882324
0.9584193825721741
2.110466718673706
2.1107659339904785
1.5292418003082275
1.4124267101287842
1.7510228157043457
1.4539966583251953
1.7475299835205078
0.9356684684753418
0.806915819644928
2.005866289138794
1.294870376586914
0.7841100096702576
0.19505250453948975
-0.03020978346467018
0.17255523800849915
1.0302488803863525
0.6115149259567261
1.279510736465454
1.9441421031951904
1.6271283626556396
1.8241584300994873
1.816499948501587
1.8072879314422607
1.8852455615997314
1.1567280292510986
1.3785789012908936
0.0008845198899507523
-0.07350373268127441
1.055314064025879
1.0983774662017822
1.3074040412902832
1.5751023292541504
2.0670063495635986
2.0149085521698
1.914222002029419
1.0827372074127197
1.169684886932373
1.4124186038970947
2.041175365447998
1.0111610889434814
1.7314412593841553
1.9722540378570557
1.8445615768432617
1.9527955055236816
2.039297342300415
1.7415661811828613
0.9436286091804504
1.3975541591644287
1.9448509216308594
1.902405023574829
1.4750580787658691
0.5800476670265198
1.5350937843322754
1.998399257659912
1.7416186332702637
2.112255811691284
2.108532190322876
0.31771120429039
0.4905203580856323
0.34125497937202454
0.3306475877761841
0.34795311093330383
0.5733003616333008
1.7978627681732178
1.8415415287017822
1.1180031299591064
1.588648796081543
1.0555360317230225
2.0608959197998047
2.0497782230377197
1.7776298522949219
2.065699338912964
1.0717730522155762
0.8524439334869385
0.17505456507205963
-0.05250687152147293
1.1282806396484375
0.7227394580841064
1.81307053565979
0.9150437712669373
0.9299426674842834
0.3832022547721863
0.8324865102767944
1.597506046295166
0.9602262377738953
0.5263856053352356
0.5286039710044861
0.17348787188529968
0.5460686683654785
-0.017254449427127838
0.06261079013347626
0.10258231312036514
1.2633514404296875
0.8109569549560547
1.12282395362854
1.5855767726898193
1.8759970664978027
1.544600486755371
1.7169620990753174
1.0699665546417236
0.9202100038528442
0.9158849716186523
0.8695908784866333
0.7642999291419983
1.0390355587005615
1.4344615936279297
0.971304714679718
0.9547311663627625
1.7741658687591553
1.4337286949157715
1.5826623439788818
1.5423741340637207
1.8047044277191162
1.2071895599365234
0.8341720104217529
0.763260006904602
0.8692038655281067
0.6373986601829529
0.8463043570518494
1.4886524677276611
1.029916763305664
1.3722329139709473
1.0768022537231445
1.542372226715088
1.2359812259674072
1.7280514240264893
1.1873040199279785
1.5327425003051758
1.172849178314209
1.4679350852966309
1.2353382110595703
1.2687807083129883
1.0260155200958252
1.1938261985778809
0.9423552751541138
1.6566720008850098
1.0149250030517578
1.193619728088379
0.8466101288795471
0.375034898519516
1.1137995719909668
1.5864050388336182
1.1599721908569336
1.2180683612823486
0.8933252096176147
1.6142463684082031
1.1699423789978027
1.8164761066436768
0.9668781757354736
0.781379759311676
1.009291648864746
1.0841236114501953
0.5971584916114807
1.2016613483428955
1.720130205154419
1.2246179580688477
1.07625412940979
1.244431972503662
0.8268946409225464
0.8420817255973816
1.413625717163086
1.5577905178070068
1.242459774017334
1.320617914199829
1.1570003032684326
1.9554204940795898
1.1837835311889648
0.7115165591239929
1.246441125869751
1.7445478439331055
1.6895701885223389
1.3149194717407227
1.4497153759002686
0.6081239581108093
1.8985681533813477
1.186145305633545
1.2789769172668457
1.43552827835083
0.8612722754478455
0.9873217344284058
0.9641298651695251
2.1007111072540283
1.7331652641296387
1.593308925628662
1.5089008808135986
1.3371407985687256
1.2588064670562744
1.1070103645324707
1.5673422813415527
1.8818914890289307
1.1333913803100586
0.659095287322998
0.9160319566726685
1.1462464332580566
0.9034133553504944
1.1460907459259033
0.4717087149620056
0.3109452426433563
0.17828629910945892
0.3061505854129791
0.3161398768424988
1.3134691715240479
0.980731189250946
1.0265135765075684
0.37625429034233093
0.2148665189743042
0.6133024096488953
-0.06461386382579803
1.2581653594970703
1.7348475456237793
1.9404261112213135
1.6580796241760254
1.4688892364501953
1.8464076519012451
1.4492192268371582
1.6813552379608154
1.32258939743042
1.4597206115722656
1.344231128692627
1.8297812938690186
1.6812489032745361
1.60819411277771
1.395876407623291
1.6477255821228027
1.5742108821868896
1.4852383136749268
1.3637104034423828
1.6166796684265137
1.6685686111450195
1.8326809406280518
1.5963375568389893
1.8373677730560303
1.8058311939239502
1.6913182735443115
0.5959446430206299
0.20428577065467834
0.5077170133590698
0.8886124491691589
0.4293544292449951
0.38380393385887146
0.39206477999687195
2.0598862171173096
2.026611328125
1.7572479248046875
2.0193967819213867
2.0364956855773926
2.0938308238983154
2.0926690101623535
1.9536423683166504
1.948000192642212
1.0007898807525635
0.9787005186080933
0.9518929123878479
1.7678215503692627
1.989654779434204
1.8113136291503906
1.770315170288086
1.3866455554962158
1.2107884883880615
1.7346653938293457
1.7939369678497314
1.8215832710266113
1.9735980033874512
1.8576862812042236
1.9051151275634766
1.3547611236572266
1.0652616024017334
1.9721667766571045
1.1023070812225342
1.8356647491455078
2.1218016147613525
2.078733444213867
1.9791901111602783
1.1894357204437256
1.8884336948394775
1.8170101642608643
1.1656699180603027
1.4138121604919434
1.2210171222686768
2.000589370727539
2.074018955230713
1.7754924297332764
1.2504863739013672
1.7338931560516357
1.501405954360962
1.0906476974487305
1.4557113647460938
2.0739479064941406
2.1231534481048584
2.103290319442749
1.9661965370178223
1.7148101329803467
0.7238730192184448
0.34137284755706787
1.202807903289795
1.3309412002563477
0.08821382373571396
0.24896642565727234
0.9108129143714905
0.4123886823654175
0.3824516534805298
0.6573667526245117
1.3119151592254639
1.3739697933197021
1.5009968280792236
1.509108543395996
2.00315523147583
2.0281481742858887
1.990034580230713
1.8366503715515137
1.7585663795471191
2.041667938232422
2.1255125999450684
2.022376775741577
2.00262713432312
2.00046443939209
1.9575247764587402
1.9813792705535889
1.8739724159240723
1.8328359127044678
2.000164270401001
1.9659123420715332
1.9343929290771484
1.7272365093231201
1.5012366771697998
0.42152607440948486
1.022143840789795
0.41249215602874756
1.1828930377960205
1.1434156894683838
1.3799245357513428
1.1785240173339844
1.6090977191925049
1.1793081760406494
1.7412989139556885
1.9067144393920898
0.23890216648578644
1.063659429550171
1.6563048362731934
0.8802751302719116
1.0932717323303223
0.9925773739814758
1.536024570465088
1.6085608005523682
1.9196319580078125
2.1110119819641113
1.7848787307739258
1.860259771347046
2.0024375915527344
1.2961475849151611
1.6567802429199219
1.603606939315796
1.0244386196136475
0.43207108974456787
1.8797121047973633
1.8515844345092773
0.6103896498680115
0.3223188817501068
1.262178659439087
1.4158153533935547
1.1463353633880615
1.2850353717803955
1.3290016651153564
0.961927592754364
0.936225175857544
1.1656742095947266
2.0411629676818848
2.1384658813476562
2.1440200805664062
1.1548688411712646
1.9666101932525635
2.0591776371002197
1.8191688060760498
1.217067003250122
1.7725181579589844
1.2738401889801025
1.1958632469177246
1.5400521755218506
2.094072103500366
1.9201388359069824
2.109921932220459
2.006497383117676
1.3328158855438232
1.1931264400482178
1.2545764446258545
1.2452805042266846
1.144350528717041
1.64912748336792
1.9384043216705322
1.6385197639465332
1.9825880527496338
1.1885972023010254
1.0025241374969482
0.36673274636268616
1.147935152053833
0.9123353362083435
0.29485636949539185
0.9440819621086121
1.781728982925415
2.0948429107666016
1.5137498378753662
0.6994059085845947
1.0300703048706055
0.6683034300804138
0.5068150162696838
0.9490520358085632
1.01332426071167
1.942225694656372
2.1011404991149902
2.0029351711273193
1.7204484939575195
1.4265992641448975
1.1550607681274414
2.047797679901123
2.1379153728485107
2.1160411834716797
2.107337474822998
1.8640875816345215
1.5966722965240479
0.35264232754707336
0.16394290328025818
0.1792377233505249
0.5555331110954285
0.39559316635131836
0.6686677932739258
0.21898305416107178
1.5838308334350586
1.735858678817749
1.5507545471191406
0.39676621556282043
0.6362232565879822
1.4143478870391846
1.5212438106536865
1.9634654521942139
1.1272494792938232
2.046858549118042
1.4639921188354492
1.39919114112854
2.1579949855804443
2.164081335067749
2.106887102127075
2.033909797668457
1.9266209602355957
1.694849967956543
1.7013397216796875
2.0348334312438965
1.914853572845459
1.7138235569000244
1.7889323234558105
0.48492470383644104
1.0911283493041992
1.1575334072113037
1.0660130977630615
1.143608808517456
1.2268447875976562
1.387218713760376
0.5879759788513184
0.7028871178627014
0.4740947484970093
0.42030033469200134
0.6028127074241638
1.1039307117462158
1.2458772659301758
1.7508788108825684
1.8374841213226318
1.0630826950073242
1.9613544940948486
0.9015454053878784
0.5762840509414673
0.4579489231109619
0.8623561859130859
1.3102169036865234
1.6210577487945557
2.033731460571289
1.5179719924926758
1.399291753768921
1.9570214748382568
1.6548497676849365
0.5063906908035278
1.017699956893921
1.3182194232940674
1.3780934810638428
1.1537585258483887
0.6670053601264954
0.24363891780376434
0.4076465964317322
0.8729534149169922
1.1097564697265625
1.1326262950897217
1.0877740383148193
2.0672495365142822
1.941265344619751
1.1533386707305908
2.130999803543091
1.4442005157470703
1.712641716003418
1.2939677238464355
1.386368751525879
1.8184776306152344
1.8431322574615479
1.794301986694336
1.7208425998687744
1.1916110515594482
0.6891165971755981
1.304926872253418
1.4163074493408203
1.0971815586090088
1.068861961364746
1.4051265716552734
1.3839406967163086
1.2173078060150146
0.7191243767738342
1.4380266666412354
1.277106523513794
0.7064626216888428
0.5737090706825256
1.2939908504486084
1.1921825408935547
1.1299242973327637
0.9745326638221741
2.0939278602600098
2.1535682678222656
2.0910754203796387
2.0366363525390625
2.097299337387085
1.161048173904419
2.011479616165161
1.6179814338684082
1.9471054077148438
1.4793987274169922
1.6413154602050781
1.8646554946899414
1.8520410060882568
1.0152266025543213
1.639885425567627
1.1392714977264404
1.214453935623169
1.1579017639160156
1.4706380367279053
1.2978405952453613
1.7906084060668945
1.3505029678344727
1.8405261039733887
0.7516568899154663
1.8463068008422852
1.801988124847412
1.1136865615844727
0.30025455355644226
0.771207332611084
2.047973155975342
2.0811285972595215
1.6049439907073975
1.4322309494018555
1.33156418800354
1.99015212059021
2.0639891624450684
2.0300076007843018
1.1819589138031006
1.7413291931152344
1.6131422519683838
1.2934443950653076
1.5498769283294678
1.548151969909668
1.5274665355682373
1.158128261566162
1.930729866027832
0.886128306388855
1.0958309173583984
1.2392735481262207
1.92806077003479
0.9529139399528503
1.7119505405426025
0.8441046476364136
1.809438943862915
1.8145699501037598
1.0189752578735352
0.35802626609802246
1.1191225051879883
0.9961901307106018
0.9014318585395813
1.9135408401489258
2.0622823238372803
2.1278340816497803
2.0098719596862793
2.0734684467315674
2.0153956413269043
1.9863691329956055
1.989938497543335
2.032431125640869
1.5504851341247559
1.8487541675567627
1.7929935455322266
1.7309901714324951
1.8369090557098389
1.881080150604248
1.014735221862793
0.24082675576210022
0.5429309606552124
1.9252769947052002
1.9579651355743408
1.8100190162658691
2.070059299468994
1.958092212677002
0.298521488904953
1.8503246307373047
0.5729343891143799
1.7096827030181885
0.883937418460846
1.518568754196167
1.1454172134399414
2.1908395290374756
1.8582448959350586
1.9763643741607666
1.1327316761016846
1.3253529071807861
1.9572944641113281
1.6594727039337158
0.9130862951278687
1.0596351623535156
0.14594930410385132
1.8689825534820557
1.6482822895050049
1.783454179763794
2.0075299739837646
1.7992048263549805
1.3662261962890625
1.7700004577636719
2.0101051330566406
1.9291517734527588
2.013235092163086
1.9198706150054932
2.0494277477264404
1.9842884540557861
1.5544424057006836
0.8562763333320618
0.6038868427276611
0.4140789806842804
0.8832221031188965
0.7274653315544128
0.7547912001609802
2.027787208557129
2.096592903137207
1.7503845691680908
1.8910253047943115
1.7557666301727295
1.884528398513794
1.90104341506958
2.004836082458496
1.8557353019714355
1.562645435333252
1.131580114364624
1.091949462890625
1.290905475616455
1.1312370300292969
0.9261322021484375
1.230579137802124
1.000603437423706
0.761496365070343
0.9624559283256531
1.0643560886383057
1.2526741027832031
0.6906257271766663
0.9112469553947449
1.0754814147949219
1.9184398651123047
1.9263081550598145
1.9768037796020508
0.882744312286377
0.8301207423210144
1.317418098449707
0.7601367235183716
0.8987881541252136
1.4060072898864746
0.7654466032981873
0.9452072381973267
1.2336080074310303
1.4309210777282715
1.7596087455749512
0.5513207316398621
1.3407251834869385
0.8073521852493286
0.8881418108940125
1.696796178817749
0.9206255674362183
1.6128513813018799
1.4742400646209717
1.5061094760894775
0.7776836156845093
1.2720472812652588
1.1125397682189941
0.9194819927215576
1.0130207538604736
0.5717564821243286
0.3137844502925873
0.5250893831253052
0.5300177931785583
0.49809110164642334
0.931575357913971
0.4992457628250122
1.9558398723602295
2.1461498737335205
1.9288039207458496
0.9510260820388794
0.762603223323822
0.8587749600410461
0.328910768032074
1.7301640510559082
1.9301633834838867
1.7525403499603271
0.8703147768974304
1.8005778789520264
1.650477409362793
1.888700008392334
1.786911964416504
1.7782015800476074
1.7652435302734375
1.35502290725708
1.9594273567199707
1.4018504619598389
0.14035320281982422
1.6337215900421143
0.4217023253440857
1.6251201629638672
0.8538627028465271
1.5985794067382812
0.6968333125114441
0.7775745987892151
1.0911622047424316
1.1009559631347656
2.120906352996826
1.266855239868164
1.7064845561981201
1.749880313873291
1.7539045810699463
2.144801616668701
1.9762077331542969
1.4527630805969238
1.0702617168426514
1.0323712825775146
0.7085558176040649
1.5434389114379883
1.2299835681915283
0.4842904508113861
1.3656375408172607
0.67303067445755
0.6883307695388794
0.8475437760353088
0.8932961821556091
0.6100780963897705
0.5481582283973694
0.3491825759410858
0.4733509421348572
0.8916640877723694
1.0145056247711182
1.218759298324585
1.019193410873413
0.6571153998374939
1.01759672164917
0.9243088960647583
0.9945565462112427
1.0515542030334473
1.9856820106506348
1.9488072395324707
1.0964457988739014
1.7010934352874756
1.1691269874572754
1.6449801921844482
0.620793879032135
0.3889540433883667
0.030258579179644585
-0.2632922828197479
0.09002654999494553
-0.14365582168102264
0.3399314880371094
0.3247253894805908
0.6391032338142395
1.2359769344329834
1.287794828414917
0.5127109885215759
1.3721952438354492
0.23294180631637573
1.055722951889038
1.0050885677337646
1.4231617450714111
0.2742220163345337
0.18664318323135376
0.6808397173881531
0.5686140656471252
0.6820777058601379
0.7218932509422302
0.5402591228485107
0.8485620021820068
2.0864338874816895
1.8180723190307617
1.9509241580963135
1.9328670501708984
0.766375720500946
0.7073725461959839
0.906381368637085
1.073113203048706
0.7476143836975098
0.32485413551330566
1.9559876918792725
1.4738881587982178
1.4357876777648926
1.3996798992156982
1.0402600765228271
0.8865752220153809
0.6496040225028992
-0.09066105633974075
0.27285686135292053
0.6043964624404907
0.9260181784629822
0.9011650681495667
0.8596568703651428
-0.06837847828865051
0.4693206250667572
1.733797311782837
0.477222204208374
0.46596813201904297
0.4566318988800049
1.9145786762237549
1.608480453491211
2.0451695919036865
2.013563632965088
2.1730380058288574
2.070739984512329
2.0737361907958984
2.1003713607788086
1.9723029136657715
1.3804659843444824
1.915834665298462
1.791416883468628
1.9294652938842773
1.9104273319244385
1.0061252117156982
1.1067454814910889
0.816768229007721
0.7134785056114197
0.5236192345619202
0.27860239148139954
0.907232403755188
0.911428689956665
1.8141374588012695
1.9473814964294434
2.0171449184417725
1.5185747146606445
1.8940989971160889
1.8047316074371338
2.0144832134246826
2.117438554763794
1.9854345321655273
1.9860928058624268
1.945281744003296
1.6254570484161377
1.969430685043335
1.968869686126709
1.1524388790130615
1.2456295490264893
1.447887897491455
1.9857699871063232
1.6380910873413086
1.767662525177002
2.072723627090454
1.121260643005371
1.7269165515899658
0.3177315294742584
0.47492295503616333
0.2733820676803589
0.4412381052970886
0.36172792315483093
0.139113187789917
0.8249742388725281
0.915952742099762
0.5486971735954285
1.8397958278656006
1.4168846607208252
0.925040066242218
1.0043799877166748
2.056894302368164
2.0011656284332275
1.9515142440795898
2.0219783782958984
1.9985861778259277
1.983109712600708
0.3301413655281067
0.6274405121803284
-0.056317348033189774
-0.0027153082191944122
0.9216529726982117
1.4410169124603271
0.824966311454773
1.9846951961517334
1.8920378684997559
2.1666526794433594
2.096341133117676
2.094264030456543
2.104132652282715
2.033020496368408
1.977259874343872
1.8211379051208496
2.022195339202881
1.8386363983154297
1.5770537853240967
1.973656415939331
1.6706652641296387
1.985353946685791
0.7977720499038696
0.8545406460762024
0.7195740342140198
0.4114551544189453
0.8513419032096863
1.999800443649292
1.798879861831665
1.9536099433898926
2.0077075958251953
2.0163803100585938
1.1076583862304688
1.3453609943389893
1.7560653686523438
1.8718140125274658
1.976574420928955
1.9453489780426025
1.7964344024658203
1.9200525283813477
2.039973258972168
1.7748792171478271
1.725496768951416
0.848950207233429
1.6345202922821045
1.0987584590911865
1.9773783683776855
2.107172727584839
1.9325926303863525
1.2109911441802979
0.5630336403846741
0.36386072635650635
0.5019222497940063
0.5383665561676025
1.9755799770355225
1.510308027267456
1.8421201705932617
1.455212116241455
1.7525508403778076
1.8117434978485107
1.0850005149841309
1.8735480308532715
1.4050240516662598
1.2036731243133545
1.0424153804779053
0.724181592464447
1.3308498859405518
1.580355167388916
0.9026585817337036
0.9512240886688232
0.8773759007453918
1.0602853298187256
1.1616125106811523
0.883213460445404
0.8559935688972473
0.8455583453178406
0.9624710083007812
0.7975852489471436
1.2021007537841797
1.3631463050842285
1.4088246822357178
1.0982224941253662
0.7502662539482117
0.4906226396560669
0.4309159219264984
0.8429043292999268
0.8867653608322144
1.572178602218628
1.0027883052825928
1.8803648948669434
1.5695679187774658
1.3293519020080566
1.1502795219421387
1.975205898284912
1.98649001121521
2.0640695095062256
1.9687442779541016
2.126441478729248
1.9598853588104248
1.4972219467163086
1.772191047668457
1.7501220703125
1.8162295818328857
1.9360668659210205
1.9893686771392822
1.847564935684204
1.8951120376586914
1.8349213600158691
1.6078178882598877
1.7494125366210938
2.025496006011963
1.6574997901916504
1.082707166671753
2.051901340484619
2.0485329627990723
2.1527771949768066
1.8205063343048096
2.0791239738464355
1.624873161315918
1.7070245742797852
1.5199007987976074
1.1534807682037354
1.5190770626068115
1.3131484985351562
1.9306223392486572
1.1975829601287842
2.056248664855957
1.6820635795593262
1.265176773071289
1.162442922592163
1.4149672985076904
1.3889758586883545
1.3793964385986328
1.3128399848937988
1.1453807353973389
1.170412302017212
1.2793664932250977
1.0089647769927979
0.8373334407806396
0.9231199622154236
1.4045076370239258
1.4950542449951172
0.7545631527900696
0.5375728011131287
0.6051329970359802
0.5326765775680542
0.958147406578064
1.062864065170288
1.1956493854522705
1.0227539539337158
1.8509631156921387
2.110356092453003
2.2188174724578857
2.090731143951416
1.3910818099975586
1.239004135131836
1.7780773639678955
1.7555201053619385
1.3865478038787842
1.2077608108520508
1.6759912967681885
2.165462017059326
1.878936767578125
1.0193922519683838
1.5663294792175293
1.7511086463928223
0.6144672632217407
1.621124505996704
1.345217227935791
1.1386334896087646
0.8996288180351257
0.7188548445701599
1.1366736888885498
1.3065950870513916
1.8977770805358887
0.7255478501319885
1.4799165725708008
2.0338499546051025
1.8052775859832764
0.98866206407547
0.7172685265541077
0.9082690477371216
1.3857274055480957
1.1382968425750732
0.754281222820282
1.0236642360687256
1.742910623550415
0.07164549827575684
0.03169926628470421
0.8798467516899109
0.7272374629974365
0.9558859467506409
2.065110683441162
2.0383424758911133
2.132388114929199
2.0692214965820312
2.0329995155334473
1.3318085670471191
1.6945641040802002
1.1786229610443115
1.875030517578125
1.7557895183563232
1.167863368988037
1.6372394561767578
1.1964895725250244
1.224759817123413
1.0997610092163086
0.9732924103736877
1.7192409038543701
1.3785521984100342
1.3748061656951904
1.913546085357666
1.5246679782867432
1.8862390518188477
2.125438928604126
2.0642967224121094
2.0899722576141357
1.9439764022827148
0.6340646147727966
0.570069432258606
0.2636686861515045
0.09733949601650238
0.6565300226211548
2.090313673019409
1.8805055618286133
1.9336576461791992
1.324005365371704
0.9431231021881104
1.451955795288086
1.0885679721832275
1.005950689315796
1.4302833080291748
1.3727242946624756
1.0267066955566406
1.6792716979980469
1.0267949104309082
1.0692336559295654
1.836470127105713
1.2705857753753662
1.6478266716003418
1.9381256103515625
1.1992042064666748
1.8061168193817139
0.9959539771080017
1.435880184173584
0.6586275696754456
0.8492539525032043
0.8823754787445068
1.3247442245483398
